   12.4943754726694        12.3523086585315        12.2151017767667     
   12.0942046982253        12.0025939432045        11.9547726814479     
   11.9667707321460        12.0561445639360        12.2419772949017     
   12.5448786925738     
   11.3770269203191        11.3278338319161        11.6250597345526     
   12.4204134104370        13.8858314794054        16.2134783989217     
   19.6157464640775        24.3252558075924        30.5948543998136     
   38.6976180487161     
   10.0959943729003        10.7980513408404        12.7624416884294     
   16.4838759651033        22.5230261268896        31.5065255364069     
   44.1269689628657        61.1429125820676        83.3788739764059     
   111.725332134865     
   9.04313171264002        12.2096312314590        18.8931978999344     
   30.3923660227222        48.1788078117657        73.8973333862959     
   109.365890772831        156.575565905176        217.690582624425     
   295.048302678959     
   10.4097192700272        21.1426729176679        41.2202564452519     
   73.9396439564267        123.037632768660        192.690643413238     
   287.514719635269        412.565528393677        573.338359861211     
   775.768127424435     
   26.0054500574811        62.3251702469021        125.083072225024     
   223.215098504184        366.848650598367        567.302589023200     
   837.087233295959        1189.90436193556        1640.64721246257     
   2205.40048139919     
   110.473395964216        241.302628591352        455.312516550173     
   779.525808875548        1244.56828780699        1884.66876878867     
   2737.65910046940        3844.97416470264        5251.65187654650     
   7006.33318426374     
   459.734498165081        926.372232007303        1666.10826083943     
   2765.21738797522        4321.47772383694        6444.17068595538     
   9254.08099896980        12883.4966946280        17476.2091117862     
   23187.5128964092     
   1632.08921746398        3157.41084255917        5537.60646632094     
   9038.48000300670        13961.2758887749        20642.6790816848     
   29454.8150616970        40805.2498306727        55136.9899123743     
   72928.4823524652     
   4935.00611056801        9361.67123296141        16216.1358424772     
   26247.0174035485        40302.7490425329        59331.5795477122     
   84381.5733692929        116600.610619406        157236.387072106     
   207636.414163372     
