   106.326667759119        105.709818174905        105.149444231725     
   104.645545929579        104.198123268468        103.807176248390     
   103.472704869347        103.194709131338        102.973189034363     
   102.808144578422     
   105.898799194549        104.929805952280        104.093008600314     
   103.388407138652        102.816001567294        102.375791886240     
   102.067778095489        101.891960195043        101.848338184900     
   101.936912065061     
   105.323576018133        103.942253722400        102.856014873312     
   102.064859470869        101.568787515071        101.367799005917     
   101.461893943408        101.851072327544        102.535334158324     
   103.514679435749     
   104.608795982211        102.844030940649        101.705677831452     
   101.193736654620        101.308207410154        102.049090098054     
   103.416384718319        105.410091270949        108.030209755945     
   111.276740173306     
   103.792786013455        101.840870333774        101.144214612838     
   101.702818850647        103.516683047202        106.585807202501     
   110.910191316545        116.489835389334        123.324739420868     
   131.414903411148     
   102.949423949883        101.266390354370        101.950846870653     
   105.002793498733        110.422230238609        118.209157090283     
   128.363574053753        140.885481129020        155.774878316084     
   173.031765614945     
   102.190266773601        101.591008244844        105.202155264851     
   113.023707833620        125.055665951154        141.298029617450     
   161.750798832510        186.413973596334        215.287553908921     
   248.371539770271     
   101.664290191339        103.422000759395        112.273042880947     
   128.217416555994        151.255121784536        181.386158566574     
   218.610526902107        262.928226791136        314.339258233660     
   372.843621229679     
   101.555921306863        107.497083712860        124.823375852101     
   153.534797724585        193.631349330312        245.113030669283     
   307.979841741497        382.231782546955        467.868853085656     
   564.891053357600     
   102.081929788151        114.673599843965        144.774873439213     
   192.385750573897        257.506231248015        340.136315461568     
   440.276003214556        557.925294506978        693.084189338836     
   845.752687710127     
