   12.9963778567792        12.9855158609779        12.9674268793984     
   12.9421323566549        12.9096623151729        12.8700553551892     
   12.8233586547518        12.7696279697203        12.7089276337655     
   12.6413305583695     
   12.9934764741701        12.9739173586361        12.9413562561149     
   12.8958491709865        12.8374745092932        12.7663330787397     
   12.6825480886931        12.5862651501829        12.4776522759010     
   12.3568998802016     
   12.9887754335035        12.9551330848170        12.8991656584907     
   12.8210276616983        12.7209354042353        12.5991669985196     
   12.4560623595914        12.2920232051129        12.1075130553686     
   11.9030572332652     
   12.9817007977416        12.9268888516315        12.8358189452389     
   12.7089157167160        12.5467736587969        12.3501571187972     
   12.1200002986137        11.8574072547253        11.5636518981921     
   11.2401779946557     
   12.9717631974873        12.8872732293562        12.7471880188721     
   12.5526041018912        12.3050566268579        12.0065193548044     
   11.6594046593511        11.2665635267063        10.8312855556666     
   10.3572989576164     
   12.9586080944217        12.8349520096694        12.6305856591812     
   12.3480988917880        11.9911174917091        11.5643031785526     
   11.0733536073149        10.5250023683814        9.92701898752567     
   9.28820892591013     
   12.9420327337443        12.7692480795183        12.4849904815090     
   12.0948339985076        11.6065823039031        11.0302686856823     
   10.3781560464301        9.66473690332942        8.90673338816096     
   8.12309724730347     
   12.9219788083055        12.6901195029314        12.3110254645378     
   11.7957022982230        11.1595578335161        10.4224021243764     
   9.60844744919370        8.74630831078835        7.86900143641115     
   7.01394577774336     
   12.8985113226526        12.5980758606418        12.1107730247677     
   11.4567351126951        10.6641473089429        9.76924768488472     
   8.81632719874816        7.85772969561533        6.95385190742265     
   6.17314345296089     
   12.8717919486043        12.4940659250570        11.8875007297021     
   11.0865609378962        10.1394968999951        9.10834474135429     
   8.06892636232863        7.11084943827250        6.33750741953975     
   5.86607953148371     
