   2.94586962570230        2.80209544958930        2.67138910307503     
   2.55190475153482        2.44214680170409        2.34088804504614     
   2.24711018086015        2.15995979706703        2.07871525318218     
   2.00276139717556        1.93157000638088        1.86468447443222     
   1.80170769125693        1.74229235441770        1.68613315305642     
   1.63296040930157        1.58253486505299        1.53464337696913     
   1.48909533759260        1.44571968154476     
   2.58785296453640        2.45335419674741        2.33130442312045     
   2.21993524436261        2.11781482008902        2.02376905717240     
   1.93682437522929        1.85616536838085        1.78110296844873     
   1.71105015073655        1.64550314864805        1.58402675298597     
   1.52624268172535        1.47182028686990        1.42046906061110     
   1.37193254137201        1.32598331957156        1.28241891507261     
   1.24105835132241        1.20173929064078     
   2.26625228467533        2.14065112474456        2.02690532957949     
   1.92332078116860        1.82852679526203        1.74140023067635     
   1.66101040582385        1.58657837297982        1.51744630955614     
   1.45305417252415        1.39292165522734        1.33663407410027     
   1.28383120827273        1.23419838583056        1.18745929906575     
   1.14337016437762        1.10171493809728        1.06230136896466     
   1.02495771905131       0.989530022884016     
   1.97765667485662        1.86059658974941        1.75482202713426     
   1.65871017378101        1.57094905100798        1.49046442789749     
   1.41636680267446        1.34791222486592        1.28447286544252     
   1.22551458187002        1.17057958737638        1.11927290155232     
   1.07125164095995        1.02621646959506       0.983904710842748     
  0.944084751063649       0.906551457061476       0.871122396575330     
  0.837634700103274       0.805942438899210     
   1.71899952090897        1.61014383094446        1.51202628374776     
   1.42309256011475        1.34208707282370        1.26798257323430     
   1.19992911612165        1.13721636871174        1.07924531322124     
   1.02550668664159       0.975564334376397       0.929042202496023     
  0.885614061572578       0.844995306987260       0.806936355895714     
  0.771217284893571       0.737643441178413       0.706041824434482     
  0.676258084002831       0.648154011065622     
   1.48752146418051        1.38655202290827        1.29579457073137     
   1.21376062644035        1.13924880755000        1.07127702583920     
   1.00903335872657       0.951839787524627       0.899124988466146     
  0.850403613300882       0.805260300765024       0.763337189485820     
  0.724324058243450       0.687950462557305       0.653979405609059     
  0.622202200910509       0.592434269648970       0.564511677705983     
  0.538288262925614       0.513633237058283     
   1.28073739758913        1.18735336209307        1.10367523361685     
   1.02827785737198       0.960011987819208       0.897938974386612     
  0.841283466656759       0.789398527317876       0.741739470153469     
  0.697843949376568       0.657316603836374       0.619817070711271     
  0.585050526311848       0.552760146117779       0.522721039207763     
  0.494735327346302       0.468628121410060       0.444244207622530     
  0.421445299957547       0.400107747655545     
   1.09640710346631        1.01032379077581       0.933459296469515     
  0.864449415516901       0.802195082606542       0.745799454585364     
  0.694522380633570       0.647746838320036       0.604953779262276     
  0.565702996845979       0.529618379422022       0.496376405993092     
  0.465697072525401       0.437336663296971       0.411081938944910     
  0.386745423848867       0.364161554917372       0.343183511438346     
  0.323680587921445       0.305536003224586     
  0.932509156753935       0.853456981590530       0.783154522329800     
  0.720296273078541       0.663831495806398       0.612903611005329     
  0.566806367678674       0.524951553644043       0.486844811654552     
  0.452067256761139       0.420261316012448       0.391119688337066     
  0.364376642128681       0.339801086410350       0.317191003134080     
  0.296368935169427       0.277178301085284       0.259480363313091     
  0.243151716980722       0.228082196897221     
  0.787217743140256       0.714941232023069       0.650962378972142     
  0.594032244422643       0.543146661673479       0.497487851898707     
  0.456382232188719       0.419269353801359       0.385678653483122     
  0.355211793236283       0.327529065211325       0.302338798918411     
  0.279389016595950       0.258460793297128       0.239362924567006     
  0.221927607747349       0.206006916722489       0.191469903369704     
  0.178200198170131       0.166094011496089     
  0.658882070858554       0.593138947559600       0.535257588643065     
  0.484043598240234       0.438537715736438       0.397959575598670     
  0.361667094897330       0.329126595598041       0.299890457643042     
  0.273580155292219       0.249873206998584       0.228493013953925     
  0.209200860447560       0.191789552544207       0.176078312722233     
  0.161908647582349       0.149140976837731       0.137651863285651     
  0.127331721198620       0.118082908542337     
  0.546008084821346       0.486568422249660       0.434569970621075     
  0.388870958226953       0.348555450175830       0.312879177555510     
  0.281230448849301       0.253101414599034       0.228066590511322     
  0.205766565858239       0.185895479156462       0.168191272867307     
  0.152428026604569       0.138409864599366       0.125966069312182     
  0.114947128985377       0.105221515449322       9.667303809226155E-002
  8.919865623863091E-002  8.270665909753773E-002
  0.447242221065666       0.393887654827320       0.347568314898824     
  0.307193230726236       0.271888292252232       0.240944076726817     
  0.213778231227332       0.189907840118654       0.168928788044948     
  0.150500117108503       0.134332010137658       0.120176447124814     
  0.107819859752803       9.707729833538484E-002  8.778775681740693E-002
  7.981039394098545E-002  7.302145471235458E-002  6.731174407443773E-002
  6.258453967000019E-002  5.875385648151146E-002
  0.361356967273256       0.313879966373399       0.273046053174957     
  0.237813325715452       0.207348072344084       0.180974528051661     
  0.158138677922664       0.138381689781966       0.121320088427936     
  0.106630739462990       9.403932283908592E-002  8.331137733251634E-002
  7.424526543029894E-002  6.666659089697534E-002  6.042372795352029E-002
  5.538421013614214E-002  5.143179052433085E-002  4.846403103369178E-002
  4.639031214033711E-002  4.513017932374111E-002
  0.287238020919558       0.245441211321893       0.209908519191437     
  0.179645463388857       0.153857374054327       0.131901013661638     
  0.113249753686140       9.746803666801415E-002  8.419233444452161E-002
  7.311673758872099E-002  6.398190276855951E-002  5.656647222781778E-002
  5.068033861035137E-002  4.615930473692222E-002  4.286081010635551E-002
  4.066048181568269E-002  3.944932888966153E-002  3.913144331123755E-002
  3.962210345112706E-002  4.084619956664597E-002
  0.223872860185632       0.187568397208853       0.157161614061091     
  0.131703882213232       0.110438282479208       9.275302912761151E-002
  7.814797435306883E-002  6.621006571314685E-002  5.659506243276922E-002
  4.901371042356782E-002  4.322114778749158E-002  3.900868690239805E-002
  3.619736926516139E-002  3.463285946861900E-002  3.418136249950338E-002
  3.472633136053672E-002  3.616579106667032E-002  3.841014771799497E-002
  4.138038253567285E-002  4.500655380234771E-002
  0.170340564087318       0.139349549886503       0.113901713558705     
  9.309278566437508E-002  7.620236806847976E-002  6.264910238007913E-002
  5.195845897763705E-002  4.373915739804443E-002  3.766561602112638E-002
  3.346469359597088E-002  3.090553796627878E-002  2.979171894976868E-002
  2.995506375359767E-002  3.125077752300798E-002  3.355354522136274E-002
  3.675439085006348E-002  4.075812688797800E-002  4.548126788761867E-002
  5.085031216617467E-002  5.680031769763267E-002
  0.125802737397542       9.995468004376291E-002  7.930667346443326E-002
  6.299738396531798E-002  5.034176261628134E-002  4.078790204879512E-002
  3.388606881788116E-002  2.926605584512993E-002  2.662034195142979E-002
  2.569138171283793E-002  2.626188318607423E-002  2.814728032586501E-002
  3.118983996998915E-002  3.525400168964925E-002  4.022265832894899E-002
  4.599416195833495E-002  5.247989473213328E-002  5.960228365417224E-002
  6.729316711133650E-002  7.549244234452009E-002
  8.949541298167969E-002  6.862772391024514E-002  5.262780607653649E-002
  4.067590416826974E-002  3.212120093644406E-002  2.644030897532017E-002
  2.320750711436144E-002  2.207299544945150E-002  2.274674228282405E-002
  2.498630497367931E-002  2.858752310148378E-002  3.337731968715816E-002
  3.920807116239292E-002  4.595315958877633E-002  5.350342620860432E-002
  6.176431949303766E-002  7.065358357925627E-002  8.009937100717204E-002
  9.003869141330825E-002  0.100416128317704     
  6.072181928859850E-002  4.467934613208858E-002  3.318271611122314E-002
  2.545245701306600E-002  2.087091685737618E-002  1.894233972479063E-002
  1.926426866987018E-002  2.150667522237559E-002  2.539647231974559E-002
  3.070584961049120E-002  3.724336911325454E-002  4.484708499868380E-002
  5.337916835032442E-002  6.272166513662498E-002  7.277311738329369E-002
  8.344584888952396E-002  9.466376758183345E-002  0.106360573169794     
  0.118478285440714       0.130966028203106     
