   2.99999999026389        2.99999998052798        2.99999997079207     
   2.99999996105616        2.99999995132025        2.99999994158434     
   2.99999993184843        2.99999992211252        2.99999991237661     
   2.99999990264070        2.99999989290478        2.99999988316887     
   2.99999987343296        2.99999986369705        2.99999985396114     
   2.99999984422523        2.99999983448932        2.99999982475341     
   2.99999981501750        2.99999980528159        2.99999979554568     
   2.99999978580977        2.99999977607386        2.99999976633795     
   2.99999975660204        2.99999974686613        2.99999973713022     
   2.99999972739431        2.99999971765840        2.99999970792249     
   2.99999955189274        2.99999910379453        2.99999865569641     
   2.99999820759838        2.99999775950045        2.99999731140261     
   2.99999686330485        2.99999641520720        2.99999596710963     
   2.99999551901216        2.99999507091477        2.99999462281748     
   2.99999417472028        2.99999372662318        2.99999327852616     
   2.99999283042924        2.99999238233241        2.99999193423567     
   2.99999148613902        2.99999103804247        2.99999058994600     
   2.99999014184963        2.99998969375335        2.99998924565716     
   2.99998879756107        2.99998834946506        2.99998790136915     
   2.99998745327333        2.99998700517760        2.99998655708197     
   2.99999509303913        2.99999018618733        2.99998527934647     
   2.99998037251655        2.99997546569757        2.99997055888953     
   2.99996565209243        2.99996074530626        2.99995583853104     
   2.99995093176675        2.99994602501341        2.99994111827100     
   2.99993621153953        2.99993130481901        2.99992639810942     
   2.99992149141077        2.99991658472306        2.99991167804628     
   2.99990677138045        2.99990186472556        2.99989695808160     
   2.99989205144859        2.99988714482651        2.99988223821537     
   2.99987733161518        2.99987242502592        2.99986751844760     
   2.99986261188022        2.99985770532378        2.99985279877827     
   2.99997039919639        2.99994079937831        2.99991119995375     
   2.99988160092270        2.99985200228518        2.99982240404117     
   2.99979280619067        2.99976320873370        2.99973361167024     
   2.99970401500030        2.99967441872388        2.99964482284098     
   2.99961522735159        2.99958563225573        2.99955603755337     
   2.99952644324454        2.99949684932923        2.99946725580743     
   2.99943766267915        2.99940806994439        2.99937847760315     
   2.99934888565542        2.99931929410121        2.99928970294052     
   2.99926011217335        2.99923052179969        2.99920093181955     
   2.99917134223293        2.99914175303983        2.99911216424025     
   2.99987381442443        2.99974763839867        2.99962146939898     
   2.99949530742538        2.99936915247786        2.99924300455642     
   2.99911686366105        2.99899072979177        2.99886460294856     
   2.99873848313143        2.99861237034039        2.99848626457542     
   2.99836016583653        2.99823407412373        2.99810798943700     
   2.99798191177635        2.99785584114178        2.99772977753329     
   2.99760372095088        2.99747767139455        2.99735162886429     
   2.99722559336012        2.99709956488203        2.99697354343001     
   2.99684752900408        2.99672152160423        2.99659552123045     
   2.99646952788275        2.99634354156114        2.99621756226560     
   2.99957920323117        2.99915849099299        2.99873785486896     
   2.99831729485906        2.99789681096329        2.99747640318166     
   2.99705607151417        2.99663581596081        2.99621563652159     
   2.99579553319650        2.99537550598554        2.99495555488872     
   2.99453567990604        2.99411588103749        2.99369615828308     
   2.99327651164280        2.99285694111666        2.99243744670465     
   2.99201802840678        2.99159868622304        2.99117942015344     
   2.99076023019798        2.99034111635665        2.98992207862945     
   2.98950311701639        2.98908423151746        2.98866542213267     
   2.98824668886202        2.98782803170550        2.98740945066312     
   2.99884141554003        2.99768341078134        2.99652596254714     
   2.99536907083743        2.99421273565221        2.99305695699148     
   2.99190173485525        2.99074706924350        2.98959296015625     
   2.98843940759349        2.98728641155522        2.98613397204144     
   2.98498208905215        2.98383076258735        2.98267999264704     
   2.98152977923123        2.98038012233990        2.97923102197307     
   2.97808247813073        2.97693449081288        2.97578706001952     
   2.97464018575065        2.97349386800627        2.97234810678638     
   2.97120290209099        2.97005825392009        2.96891416227367     
   2.96777062715175        2.96662764855432        2.96548522648138     
   2.99726569453321        2.99453440493792        2.99180607649952     
   2.98908070921800        2.98635830309336        2.98363885812561     
   2.98092237431473        2.97820885166074        2.97549829016364     
   2.97279068982341        2.97008605064007        2.96738437261360     
   2.96468565574403        2.96198990003133        2.95929710547551     
   2.95660727207658        2.95392039983453        2.95123648874937     
   2.94855553882108        2.94587755004968        2.94320252243516     
   2.94053045597752        2.93786135067676        2.93519520653289     
   2.93253202354590        2.92987180171579        2.92721454104256     
   2.92456024152622        2.92190890316676        2.91926052596418     
   2.99430235664066        2.98861701622383        2.98294386467703     
   2.97728290200027        2.97163412819354        2.96599754325684     
   2.96037314719017        2.95476093999353        2.94916092166693     
   2.94357309221035        2.93799745162381        2.93243399990730     
   2.92688273706083        2.92134366308438        2.91581677797797     
   2.91030208174159        2.90479957437524        2.89930925587893     
   2.89383112625265        2.88836518549639        2.88291143361018     
   2.87746987059399        2.87204049644783        2.86662331117171     
   2.86121831476562        2.85582550722956        2.85044488856353     
   2.84507645876754        2.83972021784158        2.83437616578565     
   2.98926449461748        2.97857002863734        2.96791638694553     
   2.95730356954204        2.94673157642689        2.93620040760006     
   2.92571006306156        2.91526054281139        2.90485184684955     
   2.89448397517604        2.88415692779085        2.87387070469399     
   2.86362530588546        2.85342073136526        2.84325698113339     
   2.83313405518984        2.82305195353463        2.81301067616774     
   2.80301022308918        2.79305059429894        2.78313178979704     
   2.77325380958346        2.76341665365821        2.75362032202129     
   2.74386481467270        2.73415013161244        2.72447627284050     
   2.71484323835689        2.70525102816161        2.69569964225466     
   2.98135985502393        2.96283598129146        2.94442800484818     
   2.92613592569408        2.90795974382917        2.88989945925345     
   2.87195507196691        2.85412658196956        2.83641398926140     
   2.81881729384242        2.80133649571263        2.78397159487203     
   2.76672259132061        2.74958948505838        2.73257227608533     
   2.71567096440147        2.69888555000680        2.68221603290131     
   2.66566241308501        2.64922469055790        2.63290286531997     
   2.61669693737123        2.60060690671167        2.58463277334130     
   2.56877453726012        2.55303219846812        2.53740575696532     
   2.52189521275169        2.50650056582725        2.49122181619200     
   2.96972829143628        2.93974526877619        2.91005032371689     
   2.88064345625838        2.85152466640067        2.82269395414374     
   2.79415131948761        2.76589676243226        2.73793028297771     
   2.71025188112395        2.68286155687098        2.65575931021880     
   2.62894514116742        2.60241904971682        2.57618103586702     
   2.55023109961800        2.52456924096978        2.49919545992235     
   2.47410975647571        2.44931213062987        2.42480258238481     
   2.40058111174054        2.37664771869707        2.35300240325439     
   2.32964516541249        2.30657600517139        2.28379492253108     
   2.26130191749157        2.23909699005284        2.21718014021491     
   2.95347903992421        2.90760208248406        2.86236819084828     
   2.81777736501687        2.77382960498984        2.73052491076719     
   2.68786328234892        2.64584471973502        2.60446922292549     
   2.56373679192034        2.52364742671957        2.48420112732318     
   2.44539789373116        2.40723772594352        2.36972062396025     
   2.33284658778136        2.29661561740685        2.26102771283671     
   2.22608287407095        2.19178110110956        2.15812239395256     
   2.12510675259992        2.09273417705167        2.06100466730779     
   2.02991822336828        1.99947484523315        1.96967453290240     
   1.94051728637603        1.91200310565403        1.88413199073641     
   2.93172495125676        2.86476616330094        2.79912225751007     
   2.73479323388414        2.67177909242316        2.61007983312712     
   2.54969545599601        2.49062596102986        2.43287134822864     
   2.37643161759237        2.32130676912104        2.26749680281466     
   2.21500171867321        2.16382151669671        2.11395619688515     
   2.06540575923854        2.01817020375686        1.97224953044013     
   1.92764373928835        1.88435283030150        1.84237680347960     
   1.80171565882264        1.76236939633062        1.72433801600355     
   1.68762151784142        1.65221990184423        1.61813316801199     
   1.58536131634468        1.55390434684232        1.52376225950491     
   2.90361284132012        2.80972832851364        2.71834450886903     
   2.62946138238627        2.54307894906537        2.45919720890632     
   2.37781616190914        2.29893580807381        2.22255614740035     
   2.14867717988873        2.07729890553898        2.00842132435109     
   1.94204443632505        1.87816824146087        1.81679273975855     
   1.75791793121809        1.70154381583948        1.64767039362273     
   1.59629766456784        1.54742562867481        1.50105428594364     
   1.45718363637432        1.41581367996687        1.37694441672127     
   1.34057584663752        1.30670796971564        1.27534078595561     
   1.24647429535745        1.22010849792114        1.19624339364668     
   2.86835017006345        2.74117972175809        2.61848597737297     
   2.50026893690807        2.38652860036339        2.27726496773894     
   2.17247803903471        2.07216781425071        1.97633429338693     
   1.88497747644338        1.79809736342005        1.71569395431694     
   1.63776724913407        1.56431724787141        1.49534395052898     
   1.43084735710677        1.37082746760479        1.31528428202304     
   1.26421780036151        1.21762802262020        1.17551494879912     
   1.13787857889826        1.10471891291763        1.07603595085722     
   1.05182969271704        1.03210013849708        1.01684728819734     
   1.00607114181784       0.999771699358551       0.997948960819491     
   2.82522857494677        2.65807527529942        2.49853652955381     
   2.34661233770996        2.20230269976785        2.06560761572748     
   1.93652708558887        1.81506110935200        1.70120968701688     
   1.59497281858351        1.49635050405189        1.40534274342201     
   1.32194953669388        1.24617088386750        1.17800678494286     
   1.11745723991997        1.06452224879883        1.01920181157944     
  0.981495928261794       0.951404598845896       0.928927823331745     
  0.914065601719342       0.906817934008686       0.907184820199778     
  0.915166260292617       0.930762254287203       0.953972802183537     
  0.984797903981618        1.02323755968145        1.06929176928302     
   2.77364471197837        2.55969173497650        2.35813641800257     
   2.16897876105658        1.99221876413854        1.82785642724843     
   1.67589175038627        1.53632473355205        1.40915537674577     
   1.29438367996744        1.19200964321704        1.10203326649459     
   1.02445454980008       0.959273493133505       0.906490096494877     
  0.866104359884190       0.838116283301445       0.822525866746642     
  0.819333110219780       0.828538013720860       0.850140577249882     
  0.884140800806846       0.930538684391751       0.989334228004598     
   1.06052743164539        1.14411829531412        1.24010681901079     
   1.34849300273540        1.46927684648796        1.60245835026845     
   2.71311867003375        2.44568033370008        2.19767905911652     
   1.96911484628309        1.75998769519977        1.57029760586658     
   1.40004457828349        1.24922861245053        1.11784970836769     
   1.00590786603496       0.913403085452349       0.840335366619857     
  0.786704709537483       0.752511114205227       0.737754580623089     
  0.742435108791068       0.766552698709165       0.810107350377379     
  0.873099063795712       0.955527838964162        1.05739367588273     
   1.17869657455142        1.31943653497022        1.47961355713914     
   1.65922764105818        1.85827878672734        2.07676699414661     
   2.31469226331600        2.57205459423552        2.84885398690514     
   2.64331005723596        2.31611402266565        2.01840446776810     
   1.75018139254331        1.51144479699127        1.30219468111199     
   1.12243104490547       0.972153888371698       0.851363211510688     
  0.760059014322433       0.698241296806936       0.665910058964195     
  0.663065300794210       0.689707022296983       0.745835223472512     
  0.831449904320797       0.946551064841839        1.09113870503564     
   1.26521282490219        1.46877342444150        1.70182050365357     
   1.96435406253840        2.25637410109598        2.57788061932632     
   2.92887361722941        3.30935309480526        3.71931905205387     
   4.15877148897524        4.62771040556936        5.12613580183623     
   2.56403178792697        2.17152915562487        1.82248294933958     
   1.51689316907109        1.25475981481942        1.03608288658456     
  0.860862384366500       0.729098308165254       0.640790657980817     
  0.595939433813189       0.594544635662370       0.636606263528361     
  0.722124317411160       0.851098797310769        1.02352970322719     
   1.23941703516041        1.49876079311045        1.80156097707730     
   2.14781758706095        2.53753062306141        2.97070008507869     
   3.44732597311277        3.96740828716367        4.53094702723137     
   5.13794219331587        5.78839378541719        6.48230180353532     
   7.21966624767026        8.00048711782201        8.82476441399056     
   2.47526151396889        2.01296141459926        1.61308858305863     
   1.27564301934697        1.00062472346430       0.788033695410620     
  0.637869935185920       0.550133442790205       0.524824218223475     
  0.561942261485729       0.661487572576968       0.823460151497191     
   1.04785999824640        1.33468711282459        1.68394149523177     
   2.09562314546793        2.56973206353307        3.10626824942720     
   3.70523170315032        4.36662242470242        5.09044041408350     
   5.87668567129357        6.72535819633263        7.63645798920066     
   8.60998504989768        9.64593937842368        10.7443209747787     
   11.9051298389627        13.1283659709756        14.4140293708176     
   2.37715069210058        1.84197583255658        1.39446208801985     
   1.03460945849038       0.762417943968174       0.577887544453224     
  0.481018259945534       0.471810090445105       0.550263035951936     
  0.716377096466027       0.970152271987380        1.31158856251599     
   1.74068596805186        2.25744448859500        2.86186412414539     
   3.55394487470304        4.33368674026795        5.20108972084012     
   6.15615381641956        7.19887902700625        8.32926535260020     
   9.54731279320142        10.8530213488099        12.2463910194256     
   13.7274218050486        15.2961137056789        16.9524667213164     
   18.6964808519612        20.5281560976132        22.4474924582725     
   2.27003123597373        1.66069061315204        1.17196232632827     
  0.803846375502428       0.556342760674505       0.429451481844504     
  0.423172539012425       0.537505932178268       0.772451661342033     
   1.12800972650372        1.60418012766333        2.20096286482086     
   2.91835793797631        3.75636534712969        4.71498509228099     
   5.79421717343021        6.99406159057735        8.31451834372241     
   9.75558743286540        11.3172688580063        12.9995626191451     
   14.8024687162819        16.7259871494166        18.7701179185492     
   20.9348610236797        23.2202164648081        25.6261842419345     
   28.1527643550588        30.7999568041810        33.5677615893011     
   2.15441973266197        1.47179441705511       0.952105512548202     
  0.595353019141237       0.401536936834218       0.370657265627143     
  0.502714005520015       0.797707156512830        1.25563671860559     
   1.87650269179830        2.66030507609095        3.60704387148355     
   4.71671907797609        5.98933069556858        7.42487872426101     
   9.02336316405339        10.7847840149457        12.7091412769380     
   14.7964349500302        17.0466650342224        19.4598315295145     
   22.0359344359065        24.7749737533985        27.6769494819905     
   30.7418616216823        33.9697101724741        37.3604951343659     
   40.9142165073577        44.6308742914493        48.5104684866409     
   2.03101921083076        1.27855673007628       0.742591013540739     
  0.423122061224123       0.320149873126436       0.433674449247677     
  0.763695789587847        1.31021389414695        2.07322876292497     
   3.05274039592193        4.24874879313782        5.66125395457263     
   7.29025588022637        9.13575457009904        11.1977500241906     
   13.4762422425012        15.9712312250306        18.6827169717790     
   21.6106994827463        24.7551787579326        28.1161547973377     
   31.6936276009618        35.4875971688049        39.4980635008668     
   43.7250265971477        48.1684864576475        52.8284430823663     
   57.7048964713039        62.7978466244606        68.1072935418361     
   1.90071847060255        1.08483094707079       0.552312610521964     
  0.303163460956080       0.337383498373134       0.654972722773127     
   1.25593113415606        2.14025873252193        3.30795551787073     
   4.75902149020248        6.49345664951716        8.51126099581478     
   10.8124345290953        13.3969772493588        16.2648891566053     
   19.4161702508347        22.8508205320470        26.5688400002422     
   30.5702286554204        34.8549864975815        39.4231135267256     
   44.2746097428526        49.4094751459625        54.8277097360554     
   60.5293135131312        66.5142864771900        72.7826286282317     
   79.3343399662563        86.1694204912639        93.2878702032544     
   1.76458901648869       0.895049892856919       0.391354262944244     
  0.253502126750663       0.481493484276175        1.07532833552078     
   2.03500668048448        3.36052851916727        5.05189385156915     
   7.10910267769014        9.53215499753021        12.3210508110894     
   15.4757901183676        18.9963729193650        22.8827992140814     
   27.1350690025170        31.7531822846716        36.7371390605453     
   42.0869393301381        47.8025830934500        53.8840703504811     
   60.3314011012312        67.1445753457003        74.3235930838886     
   81.8684543157960        89.7791590414224        98.0557072607680     
   106.698098973833        115.706334180616        125.080412881119     
   1.62387967433245       0.714213652493793       0.270969748406763     
  0.294147962071364       0.783748293487596        1.73977074265546     
   3.16221530957495        5.05108199424608        7.40637079666883     
   10.2280817168432        13.5162147547692        17.2707699104469     
   21.4917471838762        26.1791465750571        31.3329680839896     
   36.9532117106738        43.0398774551096        49.5929653172970     
   56.6124752972361        64.0984073949268        72.0507616103691     
   80.4695379435631        89.3547363945087        98.7063569632059     
   108.524399649655        118.808864453855        129.559751375807     
   140.777060415511        152.460791572967        164.610944848173     
   1.48000901790903       0.547869779960245       0.203546008787331     
  0.447037704390284        1.27834486676911        2.69746749592379     
   4.70440559185435        7.29915915456077        10.4817281840431     
   14.2521126803012        18.6103126433353        23.5563280731452     
   29.0901589697309        35.2118053330925        41.9212671632300     
   49.2185444601434        57.1036372238326        65.5765454542977     
   74.6372691515387        84.2858083155555        94.5221629463482     
   105.346333043917        116.758318608261        128.758119639382     
   141.345736137278        154.521168101950        168.284415533398     
   182.635478431621        197.574356796621        213.101050628396     
