  0.417976797621930       0.389536076344914       0.363146462384318     
  0.338628914663873       0.315824944725033       0.294593693686804     
  0.274809501741219       0.256359874907299       0.239143774446323     
  0.223070170070690       0.208056810147286       0.194029171432090     
  0.180919558150179       0.168666325949202       0.157213210771473     
  0.146508746283715       0.136505756380303       0.127160911592071     
  0.118434340107713       0.110289285640621     
  0.330342914753107       0.305180219772862       0.281949404379092     
  0.260479797025833       0.240620427302041       0.222237214614965     
  0.205210631665538       0.189433750716357       0.174810600647484     
  0.161254777998400       0.148688266855480       0.137040431461920     
  0.126247152454154       0.116250083144501       0.106996006628726     
  9.843627796425028E-002  9.052633843919980E-002  8.322529118557796E-002
  7.649552919701791E-002  7.030240828175124E-002
  0.256061030739546       0.234040207770929       0.213836988835812     
  0.195288724286363       0.178251649493579       0.162598180613727     
  0.148214668140146       0.134999519382598       0.122861620354118     
  0.111719002243942       0.101497708925439       9.213083066049940E-002
  8.355767594907497E-002  7.572305879818203E-002  6.857668289215708E-002
  6.207260749139706E-002  5.616878256316249E-002  5.082664280145147E-002
  4.601075193515135E-002  4.168849014053196E-002
  0.193743637174515       0.174736554492646       0.157437460673286     
  0.141691400817936       0.127361522213661       0.114326472815533     
  0.102478241201354       9.172035215432518E-002  8.196635073701206E-002
  7.313852193466151E-002  6.516680384152780E-002  5.798786078382359E-002
  5.154428932999491E-002  4.578393528240492E-002  4.065930380661047E-002
  3.612704808326485E-002  3.214752444988915E-002  2.868440407678916E-002
  2.570433290125005E-002  2.317663290986677E-002
  0.142154754043680       0.126040713283671       0.111529436232449     
  9.847335457107582E-002  8.674225068488023E-002  7.622075474819581E-002
  6.680626762161868E-002  5.840722661026528E-002  5.094164923428583E-002
  4.433590391313584E-002  3.852366700090891E-002  3.344503374915555E-002
  2.904575710978305E-002  2.527659325904262E-002  2.209273664618629E-002
  1.945333048728157E-002  1.732104111652511E-002  1.566168661108921E-002
  1.444391172554637E-002  1.363890248855902E-002
  0.100191948818751       8.685714528424318E-002  7.502401958691080E-002
  6.455209941867043E-002  5.531754125571677E-002  4.721072216679796E-002
  4.013424239026842E-002  3.400125850740485E-002  2.873408456116862E-002
  2.426301177361087E-002  2.052530770530768E-002  1.746436356952538E-002
  1.502896453776953E-002  1.317266267368873E-002  1.185323592084907E-002
  1.103221957925712E-002  1.067449911056245E-002  1.074795504510751E-002
  1.122315232651225E-002  1.207306769897084E-002
  6.687064860372674E-002  5.620767689131569E-002  4.694920367274818E-002
  3.896157842090974E-002  3.212708537203547E-002  2.634162639687092E-002
  2.151280017824371E-002  1.755830019413960E-002  1.440457096845411E-002
  1.198567492661415E-002  1.024233205120263E-002  9.121102142649225E-003
  8.573685409988492E-003  8.556321755406500E-003  9.029272775990202E-003
  9.956373412068613E-003  1.130464249314195E-002  1.304394329789846E-002
  1.514668675206940E-002  1.758757111203162E-002
  4.131044314514314E-002  3.321784356080155E-002  2.643625339907577E-002
  2.083858486465252E-002  1.631301725927416E-002  1.276076745777806E-002
  1.009424277737200E-002  8.235501309395241E-003  7.114961208486274E-003
  6.670312896402558E-003  6.845597676038951E-003  7.590423611590333E-003
  8.859295254473423E-003  1.061103827788141E-002  1.280830361857937E-002
  1.541713853106242E-002  1.840661420052801E-002  2.174850136145666E-002
  2.541698682267552E-002  2.938842498032882E-002
  2.272310310998733E-002  1.710494583808313E-002  1.270779805801815E-002
  9.410889776122254E-003  7.108075347709296E-003  5.705688288460975E-003
  5.120765085130380E-003  5.279565549049490E-003  6.116333164246722E-003
  7.572250947007616E-003  9.594557564306459E-003  1.213579557871588E-002
  1.515316922212815E-002  1.860799343422066E-002  2.246521931800044E-002
  2.669302387552763E-002  3.126245405096545E-002  3.614711684571865E-002
  4.132290867331564E-002  4.676777826025899E-002
  1.040209390547058E-002  7.167597072628992E-003  5.067411701354370E-003
  3.986853813303350E-003  3.825244612065044E-003  4.493846535810188E-003
  5.914155406736957E-003  8.016478604258586E-003  1.073874459882947E-002
  1.402550086561319E-002  1.782706613137245E-002  2.209880979673406E-002
  2.680053672869716E-002  3.189595980768348E-002  3.735224591487634E-002
  4.313962366412351E-002  4.923104327228128E-002  5.560188063906354E-002
  6.222967906104492E-002  6.909392310259432E-002
  3.713381487467098E-003  2.776560252313886E-003  2.890479872252133E-003
  3.946322845838545E-003  5.848680021479317E-003  8.513564960760346E-003
  1.186677196147907E-002  1.584250996480554E-002  2.038225950056048E-002
  2.543381113798950E-002  3.095045255786373E-002  3.689027802745177E-002
  4.321559923717673E-002  4.989244050823559E-002  5.689010457109704E-002
  6.418079764441494E-002  7.173930456173462E-002  7.954270631230934E-002
  8.757013366839825E-002  9.580255163056414E-002
  2.087361628409492E-003  3.366705480848245E-003  5.616184266199448E-003
  8.732638845456227E-003  1.262574277011802E-002  1.721609217811447E-002
  2.243362735354438E-002  2.821632039063607E-002  3.450907786854673E-002
  4.126281840118046E-002  4.843369329906835E-002  5.598242503092123E-002
  6.387374318051445E-002  7.207590151098756E-002  8.056026283240598E-002
  8.930094081229614E-002  9.827448981749151E-002  0.107459635438386     
  0.116837039606899       0.126389095241012     
  5.011765410063807E-003  8.429941155094708E-003  1.274045865866962E-002
  1.784561969536913E-002  2.366000315859944E-002  3.010862785339610E-002
  3.712543537575350E-002  4.465202965753829E-002  5.263662377507583E-002
  6.103315523364909E-002  6.980053904704092E-002  7.890203417417972E-002
  8.830470371967966E-002  9.797895309213146E-002  0.107898133294614     
  0.118038198882998       0.128377412009451       0.138896085477066     
  0.149576358947527       0.160402003428983     
  1.202541419194742E-002  1.750899232977047E-002  2.380978981514297E-002
  3.083538185438630E-002  3.850508427462572E-002  4.674818671080865E-002
  5.550249469942518E-002  6.471311932321921E-002  7.433146663837895E-002
  8.431438939822486E-002  9.462347143746445E-002  0.105224421123501     
  0.116086554968307       0.127182356156515       0.138487095626388     
  0.149978505621520       0.161636497448424       0.173442916631357     
  0.185381329828956       0.197436838827509     
  2.271271466779514E-002  3.019191709771234E-002  3.841575441958597E-002
  4.729689711246547E-002  5.675923790337365E-002  6.673619297032236E-002
  7.716930124990989E-002  8.800706248924453E-002  9.920396785190114E-002
  0.110719686849727       0.122518381974202       0.134568128249742     
  0.146840419465965       0.159309746387411       0.171953235023932     
  0.184750335248969       0.197682551807916       0.210733211164336     
  0.223887258763777       0.237131082211306     
  3.669879953136541E-002  4.610726670297774E-002  5.619019792751356E-002
  6.686518952605709E-002  7.806055893204179E-002  8.971371164855993E-002
  0.101769795867330       0.114180587318173       0.126903559684434     
  0.139901105572147       0.153139880382712       0.166590247100230     
  0.180225804391985       0.194022983845316       0.207960704855844     
  0.222020077811330       0.236184147910178       0.250437673310281     
  0.264766932395951       0.279159555834309     
  5.364523207433047E-002  6.491980788713547E-002  7.680097401513938E-002
  8.921109136988800E-002  0.102082757244748       0.115357235873986     
  0.128983166552448       0.142915493750621       0.157114576036332     
  0.171545439967033       0.186177152246542       0.200982288920364     
  0.215936484628513       0.231018048246665       0.246207633848222     
  0.261487957976932       0.276843555856188       0.292260570470499     
  0.307726569508070       0.323230386005398     
  7.324620403309197E-002  8.632673694622398E-002  9.994817425688454E-002
  0.114037487886817       0.128531417033703       0.143374960281897     
  0.158520135498281       0.173924953753853       0.189552565510492     
  0.205370546375127       0.221350296628857       0.237466534043489     
  0.253696863604878       0.270021410965136       0.286422508960404     
  0.302884428518107       0.319393146857642       0.335936147152085     
  0.352502244834530       0.369081436554063     
  9.522516544750126E-002  0.110054324406468       0.125360787079169     
  0.141075990018611       0.157140682839868       0.173503479928480     
  0.190119670468829       0.206950234781582       0.223961026592528     
  0.241122089637163       0.258407083693236       0.275792800268628     
  0.293258752145377       0.310786824077509       0.328360974370704     
  0.345966978991336       0.363592211377892       0.381225452347021     
  0.398856725466392       0.416477154058193     
  0.119331833415362       0.135854937333571       0.152793733131484     
  0.170083982380394       0.187670319703458       0.205504862218096     
  0.223546068129189       0.241757794156004       0.260108512754784     
  0.278570658609024       0.297120080336654       0.315735578334069     
  0.334398513521011       0.353092474744743       0.371802994950609     
  0.390517308080033       0.409224140129580       0.427913528981011     
  0.446576668557130       0.465205773621156     
