   4.99991443519984        4.99982887531017        4.99974331861971     
   4.99965776512844        4.99957221483638        4.99948666774352     
   4.99940112384986        4.99931558315541        4.99923004566016     
   4.99914451136410        4.99905898026725        4.99897345236961     
   4.99888792767116        4.99880240617191        4.99871688787187     
   4.99863137277103        4.99854586086939        4.99846035216695     
   4.99837484666372        4.99828934435969        4.99820384525485     
   4.99811834934923        4.99803285664280        4.99794736713557     
   4.99786188082755        4.99777639771873        4.99769091780910     
   4.99760544109869        4.99751996758747        4.99743449727545     
   4.99838064859416        4.99676244097233        4.99514534473704     
   4.99352935988826        4.99191448642602        4.99030072435030     
   4.98868807366111        4.98707653435844        4.98546610644229     
   4.98385678991268        4.98224858476959        4.98064149101302     
   4.97903550864299        4.97743063765947        4.97582687806249     
   4.97422422985202        4.97262269302809        4.97102226759068     
   4.96942295353980        4.96782475087544        4.96622765959761     
   4.96463167970630        4.96303681120152        4.96144305408327     
   4.95985040835154        4.95825887400634        4.95666845104766     
   4.95507913947551        4.95349093928989        4.95190385049079     
   4.99137520869796        4.98278041957939        4.97421545985363     
   4.96568032952067        4.95717502858052        4.94869955703317     
   4.94025391487862        4.93183810211688        4.92345211874794     
   4.91509596477181        4.90676964018848        4.89847314499795     
   4.89020647920023        4.88196964279531        4.87376263578320     
   4.86558545816389        4.85743810993739        4.84932059110369     
   4.84123290166279        4.83317504161470        4.82514701095941     
   4.81714880969693        4.80918043782725        4.80124189535037     
   4.79333318226630        4.78545429857503        4.77760524427657     
   4.76978601937091        4.76199662385805        4.75423705773800     
   4.97404509044116        4.94833884646521        4.92288074650291     
   4.89767079055425        4.87270897861924        4.84799531069788     
   4.82352978679016        4.79931240689609        4.77534317101566     
   4.75162207914888        4.72814913129575        4.70492432745626     
   4.68194766763042        4.65921915181822        4.63673878001967     
   4.61450655223477        4.59252246846351        4.57078652870590     
   4.54929873296193        4.52805908123162        4.50706757351494     
   4.48632420981192        4.46582899012253        4.44558191444680     
   4.42558298278471        4.40583219513627        4.38632955150147     
   4.36707505188032        4.34806869627282        4.32931048467896     
   4.94293722066514        4.88695040115743        4.83203838949603     
   4.77820118568094        4.72543878971215        4.67375120158968     
   4.62313842131351        4.57360044888366        4.52513728430011     
   4.47774892756287        4.43143537867194        4.38619663762732     
   4.34203270442901        4.29894357907700        4.25692926157131     
   4.21598975191192        4.17612505009884        4.13733515613208     
   4.09962007001162        4.06297979173747        4.02741432130963     
   3.99292365872809        3.95950780399287        3.92716675710396     
   3.89590051806135        3.86570908686505        3.83659246351507     
   3.80855064801139        3.78158364035402        3.75569144054295     
   4.89583033205802        4.79482108857130        4.69697015460504     
   4.60227753015925        4.51074321523392        4.42236720982907     
   4.33714951394468        4.25509012758075        4.17618905073729     
   4.10044628341430        4.02786182561178        3.95843567732972     
   3.89216783856813        3.82905830932701        3.76910708960635     
   3.71231417940616        3.65867957872644        3.60820328756718     
   3.56088530592840        3.51672563381007        3.47572427121222     
   3.43788121813483        3.40319647457790        3.37167004054145     
   3.34330191602546        3.31809210102994        3.29604059555488     
   3.27714739960029        3.26141251316617        3.24883593625252     
   4.83082612044427        4.66894485929820        4.51435276026024     
   4.36704982333040        4.22703604850868        4.09431143579506     
   3.96887598518957        3.85072969669218        3.73987257030291     
   3.63630460602176        3.54002580384872        3.45103616378379     
   3.36933568582698        3.29492436997828        3.22780221623770     
   3.16796922460523        3.11542539508088        3.07017072766464     
   3.03220522235652        3.00152887915651        2.97814169806461     
   2.96204367908083        2.95323482220517        2.95171512743762     
   2.95748459477818        2.97054322422686        2.99089101578365     
   3.01852796944855        3.05345408522157        3.09566936310271     
   4.74587163531768        4.50614060696090        4.28080168854294     
   4.06985488006379        3.87330018152344        3.69113759292191     
   3.52336711425918        3.36998874553526        3.23100248675015     
   3.10640833790385        2.99620629899636        2.90039637002767     
   2.81897855099780        2.75195284190673        2.69931924275448     
   2.66107775354103        2.63722837426639        2.62777110493056     
   2.63270594553354        2.65203289607533        2.68575195655592     
   2.73386312697533        2.79636640733354        2.87326179763057     
   2.96454929786640        3.07022890804104        3.19030062815449     
   3.32476445820675        3.47362039819782        3.63686844812769     
   4.63874407091402        4.30311093353170        3.99309310672586     
   3.70869059049651        3.44990338484363        3.21673148976724     
   3.00917490526732        2.82723363134389        2.67090766799694     
   2.54019701522646        2.43510167303247        2.35562164141496     
   2.30175692037392        2.27350750990937        2.27087341002130     
   2.29385462070971        2.34245114197460        2.41666297381597     
   2.51649011623382        2.64193256922815        2.79299033279896     
   2.96966340694625        3.17195179167002        3.39985548697027     
   3.65337449284700        3.93250880930021        4.23725843632990     
   4.56762337393608        4.92360362211873        5.30519918087786     
   4.50729745526072        4.05708653253978        3.64935695316993     
   3.28410871715116        2.96134182448347        2.68105627516687     
   2.44325206920136        2.24792920658693        2.09508768732359     
   1.98472751141133        1.91684867885016        1.89145118964008     
   1.90853504378108        1.96810024127316        2.07014678211634     
   2.21467466631059        2.40168389385594        2.63117446475237     
   2.90314637899988        3.21759963659848        3.57453423754816     
   3.97395018184894        4.41584746950079        4.90022610050374     
   5.42708607485776        5.99642739256287        6.60825005361907     
   7.26255405802636        7.95933940578473        8.69860609689418     
   4.34980637038081        3.76669589274948        3.25065489279871     
   2.80168337052851        2.41978132593888        2.10494875902980     
   1.85718566980129        1.67649205825335        1.56286792438597     
   1.51631326819915        1.53682808969289        1.62441238886721     
   1.77906616572208        2.00078942025752        2.28958215247352     
   2.64544436237009        3.06837604994722        3.55837721520491     
   4.11544785814317        4.73958797876199        5.43079757706138     
   6.18907665304133        7.01442520670184        7.90684323804292     
   8.86633074706456        9.89288773376677        10.9865141981495     
   12.1472101402129        13.3749755599568        14.6698104573812     
   4.16529878337572        3.43282173167156        2.80255112913260     
   2.27448697575881        1.84862927155021        1.52497801650679     
   1.30353321062855        1.18429485391550        1.16726294636763     
   1.25243748798494        1.43981847876743        1.72940591871511     
   2.12119980782797        2.61520014610601        3.21140693354924     
   3.90982017015764        4.71043985593124        5.61326599087001     
   6.61829857497397        7.72553760824310        8.93498309067743     
   10.2466350222769        11.6604934030416        13.1765582329715     
   14.7948295120665        16.5153072403268        18.3379914177522     
   20.2628820443428        22.2899791200986        24.4192826450196     
   3.95381689122303        3.05929964781144        2.31642583008726     
   1.72519543805048        1.28560847170112       0.997664931039173     
  0.861364816064633       0.876708126777503        1.04369486317778     
   1.36232502526547        1.83259861304058        2.45451562650309     
   3.22807606565301        4.15327993049034        5.23012722101508     
   6.45861793722723        7.83875207912680        9.37052964671378     
   11.0539506399882        12.8890150589499        14.8757229035991     
   17.0140741739358        19.3040688699598        21.7457069916712     
   24.3389885390701        27.0839135121563        29.9804819109300     
   33.0286937353911        36.2285489855396        39.5800476613755     
   3.71657973993227        2.65338314151053        1.81038233488503     
   1.18757732005577       0.784968097022747       0.602554665785958     
  0.640337026345406       0.898315178701090        1.37648912285301     
   2.07485885880117        2.99342438654556        4.13218570608620     
   5.49114281742306        7.07029572055616        8.86964441548550     
   10.8891889022111        13.1289291807329        15.5888652510509     
   18.2689971131652        21.1693247670757        24.2898482127825     
   27.6305674502855        31.1914824795847        34.9725933006802     
   38.9738999135719        43.1954023182598        47.6371005147440     
   52.2989945030245        57.1810842831011        62.2833698549740     
   3.45604461920513        2.22594830223448        1.30967703234752     
  0.707230809544260       0.418609633824698       0.443813505188834     
  0.782842423636668        1.43569638916820        2.40237540178343     
   3.68287946148235        5.27720856826498        7.18536272213131     
   9.40734192308132        11.9431461711150        14.7927754662325     
   17.9562298084336        21.4335091977184        25.2246136340869     
   29.3295431175391        33.7482976480750        38.4808772256946     
   43.5272818503979        48.8875115221849        54.5615662410556     
   60.5494460070100        66.8511508200481        73.4666806801698     
   80.3960355873753        87.6392155416645        95.1962205430374     
   3.17587792589571        1.79144619181998       0.846663919566333     
  0.341531109134777       0.276047760525309       0.650213873737930     
   1.46402944877264        2.71749448562944        4.41060898430832     
   6.54337294480929        9.11578636713236        12.1278492512775     
   15.5795615972447        19.4709234050341        23.8019346746455     
   28.5725954060790        33.7829055993346        39.4328652544123     
   45.5224743713121        52.0517329500339        59.0206409905778     
   66.4291984929439        74.2774054571320        82.5652618831422     
   91.2927677709745        100.459923120629        110.066727932105     
   120.113182205404        130.599285940525        141.525039137467     
   2.88085309006787        1.36763473098409       0.460296481857026     
  0.158838342686664       0.463260313473007        1.37356239421605     
   2.88974458491581        5.01180688557227        7.73974929618543     
   11.0735718167553        15.0132744472819        19.5588571877652     
   24.7103200382051        30.4676629986018        36.8308860689552     
   43.7999892492653        51.3749725395321        59.5558359397556     
   68.3425794499359        77.7352030700727        87.7337068001664     
   98.3380906402167        109.548354590224        121.364498650188     
   133.786522820108        146.814427099985        160.448211489819     
   174.687875989610        189.533420599357        204.984845319061     
   2.57669559899453       0.975136507566198       0.195266043710015     
  0.237084207425981        1.10059099871410        2.78578641757436     
   5.29267046400677        8.62124313801133        12.7715044395880     
   17.7434543687369        23.5370929254579        30.1524201097511     
   37.5894359216164        45.8481403610538        54.9285334280634     
   64.8306151226451        75.5543854447991        87.0998443945251     
   99.4669919718233        112.655828176694        126.666353009136     
   141.498566469151        157.152468556738        173.628059271897     
   190.925338614628        209.044306584931        227.984963182806     
   247.747308408254        268.331342261273        289.737064741865     
   2.26989477038061       0.636875475281298       0.100876543485846     
  0.661897974994257        2.31993976980653        5.07500192792267     
   8.92708444934268        13.8761873340665        19.9223105820943     
   27.0654541934259        35.3056181680613        44.6428025060007     
   55.0770072072438        66.6082322717909        79.2364776996418     
   92.9617434907966        107.784029645255        123.703336163018     
   140.719663044084        158.833010288454        178.043377896128     
   198.350765867106        219.755174201388        242.256602898974     
   265.855051959863        290.550521384057        316.343011171554     
   343.232521322355        371.219051836460        400.302602713869     
   1.96749982408672       0.377445305158992       0.229761370720428     
   1.52444802077103        4.26150525531079        8.44093307433972     
   14.0627314778578        21.1269004658651        29.6334400383615     
   39.5823501953471        50.9736309368218        63.8072822627858     
   78.0833041732388        93.8016966681811        110.962459747612     
   129.565593411533        149.611097659943        171.098972492842     
   194.029217910230        218.401833912107        244.216820498473     
   271.474177669329        300.173905424674        330.316003764508     
   361.900472688830        394.927312197643        429.396522290944     
   465.308102968735        502.662054231014        541.458376077783     
   1.67691477053816       0.222456920100501       0.636541302889300     
   2.91916791890456        7.07033676814627        13.0900478506145     
   20.9783011663091        30.7350967152302        42.3604344973778     
   55.8543145127518        71.2167367613523        88.4477012431793     
   107.547207958233        128.515256906513        151.351848088019     
   176.056981502752        202.630657150711        231.072875031897     
   261.383635146309        293.562937493947        327.610782074812     
   363.527168888904        401.312097936222        440.965569216767     
   482.487582730537        525.878138477535        571.137236457759     
   618.264876671209        667.261059117886        718.125783797789     
   1.40570325620697       0.197904413126137        1.37650772223878     
   4.94151318354491        10.8929207970445        19.2307305627376     
   29.9549424806242        43.0655565507042        58.5625727729777     
   76.4459911474448        96.7158116741053        119.372034352959     
   144.414659184007        171.843686167248        201.659115302682     
   233.860946590310        268.449180030131        305.423815622146     
   344.784853366355        386.532293262756        430.666135311352     
   477.186379512141        526.093025865123        577.386074370299     
   631.065525027668        687.131377837230        745.583632798987     
   806.422289912937        869.647349179080        935.258810597416     
   1.16141120014641       0.329578901812099        2.50439626825983     
   7.68586329948959        15.8739799955014        27.0687463562952     
   41.2701623818711        58.4782280722290        78.6929434273690     
   101.914308447291        128.142323131995        157.376987481481     
   189.618301495749        224.866265174799        263.120878518632     
   304.382141527246        348.650054200642        395.924616538820     
   446.205828541781        499.493690209523        555.788201542047     
   615.089362539354        677.397173201442        742.711633528313     
   811.032743519965        882.360503176400        956.694912497617     
   1034.03597148362        1114.38368013440        1197.73803844996     
  0.951412093030067       0.642550299363091        4.07329625278287     
   11.2436499532894        22.1536114008826        36.8031805955627     
   55.1923575373294        77.3211422261830        103.189534662123     
   132.797534845150        166.145142775264        203.232358452465     
   244.059181876752        288.625613048126        336.931651966587     
   388.977298632134        444.762553044768        504.287415204489     
   567.551885111297        634.555962765191        705.299648166173     
   779.782941314241        858.005842209395        939.968350851637     
   1025.67046724097        1115.11219137738        1208.29352326088     
   1305.21446289147        1405.87501026915        1510.27516539391     
  0.782777358756513        1.16072841197021        6.13372286644113     
   15.7017607221692        29.8648419791545        48.6229666373971     
   71.9761346968968        99.9243461576537        132.467601019668     
   169.605899282939        211.339240947468        257.667626013254     
   308.591054480297        364.109526348597        424.223041618154     
   488.931600288969        558.235202361041        632.133847834370     
   710.627536708956        793.716268984799        881.400044661900     
   973.678863740258        1070.55272621987        1172.02163210075     
   1278.08558138287        1388.74457406626        1503.99861015090     
   1623.84768963681        1748.29181252396        1877.33097881238     
  0.662172247504904        1.90650769429758        8.73286376535182     
   21.1412404606676        39.1316377802450        62.7040557240840     
   91.8584942921845        126.594953484547        166.913433301170     
   212.813933742055        264.296454807202        321.360996496611     
   384.007558810281        452.236141748212        526.046745310405     
   605.439369496860        690.414014307576        780.970679742554     
   877.109365801794        978.830072485294        1086.13279979306     
   1199.01754772508        1317.48431628137        1441.53310546191     
   1571.16391526672        1706.37674569579        1847.17159674913     
   1993.54846842672        2145.50736072857        2303.04827365469     
  0.595776318812371        2.90049456474032        11.9139995672043     
   27.6362913262044        50.0673698417405        79.2072351138126     
   115.055887142421        157.613325927565        206.879551469245     
   262.854563767462        325.538362822214        394.930948633503     
   471.032321201327        553.842480525688        643.361426606584     
   739.589159444017        842.525679037986        952.170985388490     
   1068.52507849553        1191.58795835911        1321.35962497922     
   1457.84007835587        1601.02931848905        1750.92734537878     
   1907.53415902503        2070.84975942783        2240.87414658715     
   2417.60732050302        2601.04928117542        2791.20002860436     
  0.589226623387167        4.16131232754032        15.7160890718458     
   35.2535568563036        62.7737156809137        98.2765655456762     
   141.762106450591        193.230338395658        252.681261380878     
   320.114875406249        395.531180471774        478.930176577450     
   570.311863723279        669.676241909260        777.023311135393     
   892.353071401679        1015.66552270812        1146.96066505471     
   1286.23849844145        1433.49902286834        1588.74223833539     
   1751.96814484259        1923.17674238994        2102.36803097745     
   2289.54201060511        2484.69868127291        2687.83804298088     
   2898.96009572899        3118.06483951726        3345.15227434567     
  0.647581123341340        5.70547626899638        20.1735042889998     
   44.0516651833516        77.3399589520517        120.038385595100     
   172.146945112497        233.665637504242        304.594462770336     
   384.933420910778        474.682511925568        573.841735814707     
   682.411092578194        800.390582216029        927.780204728213     
   1064.57996011475        1210.78984837563        1366.40986951085     
   1531.44002352043        1705.88031040436        1889.73073016263     
   2082.99128279525        2285.66196830222        2497.74278668354     
   2719.23373793921        2950.13482206922        3190.44603907359     
   3440.16738895230        3699.29887170536        3967.84048733277     
  0.775299618875054        7.54733013386080        25.3158970872751     
   54.0810004791179        93.8426403093892        144.600816578089     
   206.355529285218        279.106778430774        362.854564014760     
   457.598886037174        563.339744498017        680.077139397288     
   807.811070734987        946.541538511115        1096.26854272567     
   1256.99208337866        1428.71216047007        1611.42877399991     
   1805.14192396818        2009.85161037488        2225.55783322001     
   2452.26059250357        2689.95988822555        2938.65572038597     
   3198.34808898481        3469.03699402208        3750.72243549778     
   4043.40441341191        4347.08292776446        4661.75797855545     
