   4.99997025869654        4.99994051837482        4.99991077844002     
   4.99988103889215        4.99985129973120        4.99982156095717     
   4.99979182257006        4.99976208456988        4.99973234695661     
   4.99970260973028        4.99967287289086        4.99964313643837     
   4.99961340037280        4.99958366469415        4.99955392940242     
   4.99952419449762        4.99949445997974        4.99946472584879     
   4.99943499210475        4.99940525874764        4.99937552577745     
   4.99934579319418        4.99931606099784        4.99928632918842     
   4.99925659776592        4.99922686673035        4.99919713608170     
   4.99916740581997        4.99913767594516        4.99910794645728     
   4.99943702423094        4.99887419412385        4.99831149841810     
   4.99774893711369        4.99718651021061        4.99662421770887     
   4.99606205960847        4.99550003590940        4.99493814661167     
   4.99437639171527        4.99381477122021        4.99325328512649     
   4.99269193343410        4.99213071614305        4.99156963325334     
   4.99100868476496        4.99044787067792        4.98988719099222     
   4.98932664570785        4.98876623482482        4.98820595834313     
   4.98764581626277        4.98708580858375        4.98652593530606     
   4.98596619642971        4.98540659195470        4.98484712188103     
   4.98428778620869        4.98372858493769        4.98316951806802     
   4.99699860607453        4.99400087863623        4.99100675762237     
   4.98801624303295        4.98502933486796        4.98204603312741     
   4.97906633781129        4.97609024891960        4.97311776645235     
   4.97014889040954        4.96718362079116        4.96422195759721     
   4.96126390082770        4.95830945048263        4.95535860656199     
   4.95241136906578        4.94946773799401        4.94652771334668     
   4.94359129512378        4.94065848332532        4.93772927795129     
   4.93480367900169        4.93188168647653        4.92896330037581     
   4.92604852069952        4.92313734744766        4.92022978062024     
   4.91732582021726        4.91442546623871        4.91152871868460     
   4.99094509193520        4.98192035124490        4.97292559653468     
   4.96396082780455        4.95502604505451        4.94612124828456     
   4.93724643749470        4.92840161268493        4.91958677385525     
   4.91080192100566        4.90204705413616        4.89332217324675     
   4.88462727833742        4.87596236940819        4.86732744645905     
   4.85872250949000        4.85014755850103        4.84160259349216     
   4.83308761446338        4.82460262141468        4.81614761434608     
   4.80772259325756        4.79932755814913        4.79096250902080     
   4.78262744587255        4.77432236870440        4.76604727751633     
   4.75780217230835        4.74958705308046        4.74140191983267     
   4.97999997117489        4.96013012516741        4.94039006068718     
   4.92077977773419        4.90129927630844        4.88194855640994     
   4.86272761803867        4.84363646119466        4.82467508587788     
   4.80584349208835        4.78714167982606        4.76856964909101     
   4.75012739988321        4.73181493220265        4.71363224604934     
   4.69557934142326        4.67765621832443        4.65986287675284     
   4.64219931670850        4.62466553819140        4.60726154120154     
   4.58998732573892        4.57284289180355        4.55582823939542     
   4.53894336851454        4.52218827916089        4.50556297133449     
   4.48906744503533        4.47270170026342        4.45646573701875     
   4.96322547561059        4.92683278014888        4.89082117432820     
   4.85519065814854        4.81994123160992        4.78507289471233     
   4.75058564745576        4.71647948984022        4.68275442186571     
   4.64941044353223        4.61644755483978        4.58386575578836     
   4.55166504637797        4.51984542660861        4.48840689648027     
   4.45734945599296        4.42667310514669        4.39637784394144     
   4.36646367237722        4.33693059045403        4.30777859817186     
   4.27900769553073        4.25061788253063        4.22260915917155     
   4.19498152545350        4.16773498137649        4.14086952694050     
   4.11438516214553        4.08828188699160        4.06255970147870     
   4.93967162747964        4.88022412016741        4.82165626272348     
   4.76396805514786        4.70715949744055        4.65123058960154     
   4.59618133163083        4.54201172352843        4.48872176529434     
   4.43631145692856        4.38478079843108        4.33412978980190     
   4.28435843104103        4.23546672214847        4.18745466312421     
   4.14032225396826        4.09406949468062        4.04869638526128     
   4.00420292571024        3.96058911602752        3.91785495621309     
   3.87600044626698        3.83502558618917        3.79493037597966     
   3.75571481563846        3.71737890516557        3.67992264456098     
   3.64334603382470        3.60764907295673        3.57283176195706     
   4.90818027848229        4.81810322687765        4.72976699142023     
   4.64317157211001        4.55831696894700        4.47520318193120     
   4.39383021106262        4.31419805634124        4.23630671776707     
   4.16015619534011        4.08574648906036        4.01307759892782     
   3.94214952494249        3.87296226710438        3.80551582541347     
   3.73981019986977        3.67584539047328        3.61362139722400     
   3.55313822012193        3.49439585916707        3.43739431435942     
   3.38213358569898        3.32861367318575        3.27683457681972     
   3.22679629660091        3.17849883252931        3.13194218460492     
   3.08712635282774        3.04405133719777        3.00271713771500     
   4.86736834347842        4.73785681024965        4.61146271655920     
   4.48818606240709        4.36802684779331        4.25098507271786     
   4.13706073718074        4.02625384118195        3.91856438472149     
   3.81399236779936        3.71253779041557        3.61420065257010     
   3.51898095426297        3.42687869549416        3.33789387626369     
   3.25202649657155        3.16927655641774        3.08964405580226     
   3.01312899472511        2.93973137318629        2.86945119118581     
   2.80228844872365        2.73824314579983        2.67731528241433     
   2.61950485856717        2.56481187425834        2.51323632948784     
   2.46477822425567        2.41943755856183        2.37721433240632     
   4.81572946020269        4.63669424416273        4.46289061422715     
   4.29431857039596        4.13097811266916        3.97286924104674     
   3.81999195552872        3.67234625611508        3.52993214280584     
   3.39274961560098        3.26079867450051        3.13407931950443     
   3.01259155061274        2.89633536782544        2.78531077114253     
   2.67951776056400        2.57895633608987        2.48362649772012     
   2.39352824545476        2.30866157929379        2.22902649923721     
   2.15462300528502        2.08545109743722        2.02151077569381     
   1.96280204005478        1.90932489052014        1.86107932708990     
   1.81806534976404        1.78028295854257        1.74773215342549     
   4.75179308376957        4.51200963734749        4.28064461251050     
   4.05769800925861        3.84316982759181        3.63706006751011     
   3.43936872901350        3.25009581210199        3.06924131677557     
   2.89680524303425        2.73278759087801        2.57718836030688     
   2.43000755132084        2.29124516391989        2.16090119810404     
   2.03897565387328        1.92546853122761        1.82037983016704     
   1.72370955069157        1.63545769280119        1.55562425649590     
   1.48420924177571        1.42121264864061        1.36663447709060     
   1.32047472712569        1.28273339874588        1.25341049195116     
   1.23250600674153        1.22001994311700        1.21595230107756     
   4.67429200488243        4.36177087957039        4.06242997823201     
   3.77626930086731        3.50328884747627        3.24348861805890     
   2.99686861261519        2.76342883114516        2.54316927364879     
   2.33608994012610        2.14219083057707        1.96147194500170     
   1.79393328340001        1.63957484577198        1.49839663211763     
   1.37039864243694        1.25558087672991        1.15394333499656     
   1.06548601723687       0.990208923450856       0.928112053638506     
  0.879195407799824       0.843458985934810       0.820902788043464     
  0.811526814125786       0.815331064181776       0.832315538211435     
  0.862480236214761       0.905825158191755       0.962350304142418     
   4.58230544658412        4.18486540849737        3.80767132955616     
   3.45072320976049        3.11402104911038        2.79756484760580     
   2.50135460524677        2.22539032203329        1.96967199796535     
   1.73419963304295        1.51897322726610        1.32399278063480     
   1.14925829314903       0.994769764808817       0.860527195614145     
  0.746530585565017       0.652779934661434       0.579275242903396     
  0.526016510290901       0.493003736823952       0.480236922502548     
  0.487716067326687       0.515441171296372       0.563412234411601     
  0.631629256672374       0.720092238078692       0.828801178630556     
  0.957756078327963        1.10695693717091        1.27640375515941     
   4.47536095332679        3.98136166830711        3.51799134608025     
   3.08524998664620        2.68313759000497        2.31165415615656     
   1.97079968510097        1.66057417683820        1.38097763136824     
   1.13201004869110       0.913671428806783       0.725961771715282     
  0.568881077416598       0.442429345910732       0.346606577197685     
  0.281412771277455       0.246847928150043       0.242912047815449     
  0.269605130273673       0.326927175524715       0.414878183568575     
  0.533458154405253       0.682667088034750       0.862504984457064     
   1.07297184367219        1.31406766568014        1.58579245048091     
   1.88814619807450        2.22112890846090        2.58474058164012     
   4.35349064264115        3.75266867597164        3.19752071332289     
   2.68804675469489        2.22424680008764        1.80612084950114     
   1.43366890293540        1.10689096039042       0.825787021866183     
  0.590357087362704       0.400601156879977       0.256519230418005     
  0.158111307976786       0.105377389556320       9.831747515660866E-002
  0.136931564777650       0.221219658419446       0.351181756081994     
  0.526817857765298       0.748127963469353        1.01511207319416     
   1.32777018693973        1.68610230470604        2.09010842649311     
   2.53978855230093        3.03514268212951        3.57617081597885     
   4.16287295384893        4.79524909573977        5.47329924165136     
   4.21724513461614        3.50159271287227        2.85302640912302     
   2.27154622336837        1.75715215560833        1.30984420584290     
  0.929622374072080       0.616486660295866       0.370437064514261     
  0.191473586727264       7.959622693487452E-002  3.480498513709421E-002
  5.709986133392207E-002  0.146480855525358       0.302947967711403     
  0.526501197892056       0.817140546067317        1.17486601223719     
   1.59967759640166        2.09157529856075        2.65055911871444     
   3.27662905686274        3.96978511300566        4.73002728714318     
   5.55735557927530        6.45176998940204        7.41327051752338     
   8.44185716363934        9.53752992774990        10.7002888098551     
   4.06767244667184        3.23230105655771        2.49386621411401     
   1.85236791934073        1.30780617223786       0.860180972805418     
  0.509492321043394       0.255740216951789       9.892466053060425E-002
  3.904565177983925E-002  7.610319069949410E-002  0.210097277289569     
  0.441027911550063       0.768895093480978        1.19369882308231     
   1.71543910035407        2.33411592529624        3.04972929790883     
   3.86227921819185        4.77176568614528        5.77818870176913     
   6.88154826506340        8.08184437602810        9.37907703466321     
   10.7732462409687        12.2643519949447        13.8523942965911     
   15.5373731459079        17.3192885428951        19.1981404875527     
   3.90627058108694        2.95020919106670        2.13179257934060     
   1.45102074590864       0.907893690770807       0.502411413927115     
  0.234573915377560       0.104381195122141       0.111833253160859     
  0.256930089493715       0.539671704120708       0.960058097041836     
   1.51808926825710        2.21376521776651        3.04708594557004     
   4.01805145166772        5.12666173605954        6.37291679874548     
   7.75681663972557        9.27836125899979        10.9375506565682     
   12.7343848324307        14.6688637865873        16.7409875190381     
   18.9507560297830        21.2981693188220        23.7832273861552     
   26.4059302317825        29.1662778557040        32.0642702579196     
   3.73492245248442        2.66181104674272        1.78063856234077     
   1.09140499927855       0.594110357556072       0.288754637173333     
  0.175337838130334       0.253859960427075       0.524321004063556     
  0.986720969039775        1.64105985535574        2.48733766301144     
   3.52555439200687        4.75571004234205        6.17780461401697     
   7.79183810703163        9.59781052138603        11.5957218570802     
   13.7855721141140        16.1673612924877        18.7410893922010     
   21.5067564132541        24.4643623556469        27.6139072193795     
   30.9553910044518        34.4888137108639        38.2141753386157     
   42.1314758877072        46.2407153581385        50.5418937499095     
   3.55582088595169        2.37447226696937        1.45592263205859     
  0.800171981219346       0.407220314451639       0.277067631755467     
  0.409713933130832       0.805159218577734        1.46340348809617     
   2.38444674168614        3.56828897934766        5.01493020108070     
   6.72437040688528        8.69660959676141        10.9316477707091     
   13.4294849287283        16.1901210708190        19.2135561969812     
   22.4997903072150        26.0488234015204        29.8606554798972     
   33.9352865423457        38.2727165888656        42.8729456194571     
   47.7359736341201        52.8618006328547        58.2504266156608     
   63.9018515825384        69.8160755334875        75.9930984685082     
   3.37139010007180        2.09620498953138        1.17440856294532     
  0.606000820313627       0.390981761636301       0.529351386913341     
   1.02110969614475        1.86625668933052        3.06479236647066     
   4.61671672756516        6.52202977261404        8.78073150161727     
   11.3928219145749        14.3583010114869        17.6771687923532     
   21.3494252571739        25.3750704059490        29.7541042386784     
   34.4865267553622        39.5723379560004        45.0115378405929     
   50.8041264091398        56.9501036616411        63.4494695980967     
   70.3022242185067        77.5083675228710        85.0678995111898     
   92.9808201834629        101.247129539690        109.866827579872     
   3.18420865001411        1.83543986996286       0.953652674929730     
  0.538847064914700       0.591023039917775        1.11018059993896     
   2.09631974497824        3.54944047503564        5.46954279011113     
   7.85662669020473        10.7106921753164        14.0317392454463     
   17.8197679005942        22.0747781407602        26.7967699659443     
   31.9857433761466        37.6416983713669        43.7646349516053     
   50.3545531168619        57.4114528671366        64.9353342024293     
   72.9261971227402        81.3840416280692        90.3088677184163     
   99.7006753937814        109.559464654165        119.885235499566     
   130.677987929986        141.937721945423        153.664437545879     
   2.99693741807184        1.60080770601200       0.811564734502644     
  0.629208503543773        1.05373901313539        2.08515626327748     
   3.72346025397006        5.96865098521313        8.82072845700668     
   12.2796926693507        16.3455436222452        21.0182813156902     
   26.2979057496857        32.1844169242317        38.6778148393281     
   45.7780994949751        53.4852708911725        61.7993290279204     
   70.7202739052188        80.2481055230677        90.3828238814670     
   101.124428980417        112.472920819917        124.428299399968     
   136.990564720569        150.159716781721        163.935755583423     
   178.318681125676        193.308493408479        208.905192431833     
   2.81225500526824        1.40093956192853       0.766002152175736     
  0.907442776009844        1.82526143343086        3.51945812443878     
   5.99003284903361        9.23698560721535        13.2603163989840     
   18.0600252243395        23.6361120832820        29.9885769758114     
   37.1174199019276        45.0226408616308        53.7042398549209     
   63.1622168817979        73.3965719422618        84.4073050363126     
   96.1944161639503        108.757905325175        122.097772519986     
   136.214017748385        151.106641010370        166.775642305942     
   183.221021635102        200.442778997848        218.440914394181     
   237.215427824100        256.766319287607        277.093588784701     
   2.63280184872807        1.24429109728372       0.834410616348068     
   1.40316040592112        2.95054046600288        5.47655079659334     
   8.98119139769251        13.4644622693004        18.9263634114170     
   25.3668948240422        32.7860565071762        41.1838484608189     
   50.5602706849703        60.9153231796304        72.2490059447992     
   84.5613189804767        97.8522622866629        112.121835863358     
   127.370039710561        143.596873828274        160.802338216495     
   178.986432875225        198.149157804463        218.290513004210     
   239.410498474466        261.509114215231        284.586360226504     
   308.642236508286        333.676743060576        359.689879883376     
   2.46113357939979        1.13899408500149        1.03351857385238     
   2.14470704595245        4.47255950130172        8.01707593990017     
   12.7782563617478        18.7561007668446        25.9506091551907     
   34.3617815267859        43.9896178816303        54.8341182197239     
   66.8952825410667        80.1731108456586        94.6676031334997     
   110.378759404590        127.306579658930        145.451063896518     
   164.812212117356        185.390024321443        207.184500508780     
   230.195640679365        254.423444833200        279.867912970284     
   306.529045090617        334.406841194199        363.501301281030     
   393.812425351111        425.340213404441        458.084665441020     
   2.29968353292834        1.09273594199656        1.37908828895603     
   3.15874057380675        6.43169279654874        11.1979449571820     
   17.4574970557065        25.2103490921222        34.4565010664292     
   45.1959529786275        57.4287048287171        71.1547566166979     
   86.3741083425699        103.086760006333        121.292711607988     
   140.991963147534        162.184514624971        184.870366040299     
   209.049517393519        234.721968684629        261.887719913631     
   290.546771080525        320.699122185310        352.344773227985     
   385.483724208552        420.115975127011        456.241525983360     
   493.860376777601        532.972527509734        573.577978179757     
   2.15073390828595        1.11266649134167        1.88572265374921     
   4.46990239550857        8.86520571661976        15.0716326170828     
   23.0891830968976        32.9178571560642        44.5576547945827     
   58.0085760124530        73.2706208096752        90.3437891862491     
   109.228081142175        129.923496677452        152.430035792082     
   176.747698486063        202.876484759396        230.816394612081     
   260.567428044118        292.129585055506        325.502865646246     
   360.687269816339        397.682797565783        436.489448894579     
   477.107223802726        519.536122290225        563.776144357077     
   609.827290003280        657.689559228835        707.362952033741     
   2.01639480295792        1.20533007234957        2.56672441267372     
   6.10057782393035        11.8068903061195        19.6856618592411     
   29.7368924832952        41.9605821782818        56.3567309442009     
   72.9253387810525        91.6664056888367        112.579931667553     
   135.665916717202        160.924360837784        188.355264029298     
   217.958626291745        249.734447625124        283.682728029435     
   319.803467504679        358.096666050856        398.562323667965     
   441.200440356006        486.011016114981        532.994050944887     
   582.149544845726        633.477497817497        686.977909860201     
   742.650780973838        800.496111158407        860.513900413908     
   1.89859020777393        1.37662043340553        3.43400285641752     
   8.07073747680992        15.2868242945827        25.0822633097359     
   37.4570545222695        52.4111979321834        69.9446935394778     
   90.0575413441526        112.749741346208        138.021293545643     
   165.872197942459        196.302454536656        229.312063328232     
   264.901024317190        303.069337503527        343.817002887245     
   387.144020468343        433.050390246822        481.536112222681     
   532.601186395921        586.245612766541        642.469391334541     
   701.272522099922        762.655005062683        826.616840222824     
   893.158027580346        962.278567135249        1033.97845888753     
