   1.99999999924828        1.99999999849657        1.99999999774486     
   1.99999999699315        1.99999999624144        1.99999999548973     
   1.99999999473802        1.99999999398631        1.99999999323460     
   1.99999999248289        1.99999999173118        1.99999999097947     
   1.99999999022776        1.99999998947605        1.99999998872434     
   1.99999998797263        1.99999998722092        1.99999998646922     
   1.99999998571751        1.99999998496580        1.99999998421409     
   1.99999998346238        1.99999998271067        1.99999998195896     
   1.99999998120725        1.99999998045554        1.99999997970383     
   1.99999997895212        1.99999997820041        1.99999997744870     
   1.99999996460705        1.99999992921481        1.99999989382257     
   1.99999985843034        1.99999982303810        1.99999978764586     
   1.99999975225362        1.99999971686139        1.99999968146915     
   1.99999964607692        1.99999961068469        1.99999957529245     
   1.99999953990022        1.99999950450799        1.99999946911576     
   1.99999943372352        1.99999939833129        1.99999936293906     
   1.99999932754684        1.99999929215461        1.99999925676238     
   1.99999922137015        1.99999918597793        1.99999915058570     
   1.99999911519347        1.99999907980125        1.99999904440903     
   1.99999900901680        1.99999897362458        1.99999893823236     
   1.99999959741474        1.99999919483761        1.99999879226056     
   1.99999838968358        1.99999798710669        1.99999758452987     
   1.99999718195314        1.99999677937648        1.99999637679990     
   1.99999597422340        1.99999557164697        1.99999516907063     
   1.99999476649437        1.99999436391818        1.99999396134207     
   1.99999355876604        1.99999315619009        1.99999275361422     
   1.99999235103843        1.99999194846272        1.99999154588708     
   1.99999114331153        1.99999074073605        1.99999033816065     
   1.99998993558533        1.99998953301009        1.99998913043493     
   1.99998872785984        1.99998832528484        1.99998792270991     
   1.99999741530094        1.99999483065681        1.99999224601591     
   1.99998966137825        1.99998707674383        1.99998449211265     
   1.99998190748471        1.99997932286000        1.99997673823853     
   1.99997415362030        1.99997156900530        1.99996898439354     
   1.99996639978502        1.99996381517974        1.99996123057769     
   1.99995864597888        1.99995606138331        1.99995347679098     
   1.99995089220188        1.99994830761602        1.99994572303340     
   1.99994313845401        1.99994055387787        1.99993796930496     
   1.99993538473529        1.99993280016885        1.99993021560565     
   1.99992763104569        1.99992504648897        1.99992246193548     
   1.99998786648817        1.99997573329009        1.99996360016310     
   1.99995146710718        1.99993933412235        1.99992720120860     
   1.99991506836593        1.99990293559435        1.99989080289384     
   1.99987867026442        1.99986653770608        1.99985440521883     
   1.99984227280265        1.99983014045756        1.99981800818355     
   1.99980587598062        1.99979374384878        1.99978161178801     
   1.99976947979833        1.99975734787973        1.99974521603221     
   1.99973308425578        1.99972095255043        1.99970882091616     
   1.99969668935297        1.99968455786086        1.99967242643984     
   1.99966029508990        1.99964816381104        1.99963603260326     
   1.99995373975203        1.99990748145660        1.99986122418851     
   1.99981496794776        1.99976871273434        1.99972245854827     
   1.99967620538954        1.99962995325814        1.99958370215409     
   1.99953745207737        1.99949120302800        1.99944495500596     
   1.99939870801127        1.99935246204391        1.99930621710389     
   1.99925997319122        1.99921373030588        1.99916748844788     
   1.99912124761722        1.99907500781390        1.99902876903792     
   1.99898253128928        1.99893629456798        1.99889005887402     
   1.99884382420740        1.99879759056812        1.99875135795617     
   1.99870512637157        1.99865889581431        1.99861266628439     
   1.99985003561285        1.99970008492432        1.99955014493509     
   1.99940021564514        1.99925029705449        1.99910038916313     
   1.99895049197106        1.99880060547828        1.99865072968479     
   1.99850086459060        1.99835101019569        1.99820116650008     
   1.99805133350376        1.99790151120673        1.99775169960899     
   1.99760189871054        1.99745210851138        1.99730232901152     
   1.99715256021094        1.99700280210966        1.99685305470767     
   1.99670331800497        1.99655359200156        1.99640387669744     
   1.99625417209262        1.99610447818708        1.99595479498084     
   1.99580512247389        1.99565546066623        1.99550580955786     
   1.99957727987138        1.99915465205411        1.99873210809314     
   1.99830964798845        1.99788727174006        1.99746497934795     
   1.99704277081212        1.99662064613259        1.99619860530935     
   1.99577664834239        1.99535477523172        1.99493298597734     
   1.99451128057925        1.99408965903744        1.99366812135193     
   1.99324666752270        1.99282529754976        1.99240401143311     
   1.99198280917275        1.99156169076867        1.99114065622089     
   1.99071970552939        1.99029883869418        1.98987805571526     
   1.98945735659262        1.98903674132628        1.98861620991622     
   1.98819576236245        1.98777539866497        1.98735511882378     
   1.99894755994090        1.99789565065301        1.99684425108284     
   1.99579336123040        1.99474298109569        1.99369311067870     
   1.99264374997945        1.99159489899792        1.99054655773412     
   1.98949872618805        1.98845140435970        1.98740459224909     
   1.98635828985620        1.98531249718104        1.98426721422360     
   1.98322244098390        1.98217817746192        1.98113442365767     
   1.98009117957115        1.97904844520236        1.97800622055129     
   1.97696450561795        1.97592330040234        1.97488260490446     
   1.97384241912430        1.97280274306188        1.97176357671718     
   1.97072492009021        1.96968677318096        1.96864913598945     
   1.99765107288927        1.99530466648765        1.99296073379279     
   1.99061927480470        1.98828028952337        1.98594377794881     
   1.98360974008101        1.98127817591998        1.97894908546571     
   1.97662246871821        1.97429832567747        1.97197665634349     
   1.96965746071628        1.96734073879584        1.96502649058216     
   1.96271471607524        1.96040541527509        1.95809858818171     
   1.95579423479509        1.95349235511523        1.95119294914214     
   1.94889601687581        1.94660155831625        1.94430957346345     
   1.94202006231742        1.93973302487816        1.93744846114565     
   1.93516637111992        1.93288675480094        1.93060961218874     
   1.99523084268616        1.99047165182878        1.98572233194790     
   1.98098288304353        1.97625330511567        1.97153359816431     
   1.96682376218947        1.96212379719112        1.95743370316929     
   1.95275348012396        1.94808312805514        1.94342264696283     
   1.93877203684702        1.93413129770773        1.92950042954493     
   1.92487943235865        1.92026830614887        1.91566705091560     
   1.91107566665884        1.90649415337858        1.90192251107483     
   1.89736073974759        1.89280883939685        1.88826681002263     
   1.88373465162491        1.87921236420369        1.87469994775898     
   1.87019740229078        1.86570472779909        1.86122192428391     
   1.99106984893424        1.98217318821275        1.97330983890297     
   1.96447980100490        1.95568307451854        1.94691965944389     
   1.93818955578096        1.92949276352973        1.92082928269021     
   1.91219911326240        1.90360225524630        1.89503870864191     
   1.88650847344923        1.87801154966827        1.86954793729901     
   1.86111763634146        1.85272064679562        1.84435696866149     
   1.83602660193907        1.82772954662836        1.81946580272937     
   1.81123537024208        1.80303824916650        1.79487443950263     
   1.78674394125047        1.77864675441002        1.77058287898128     
   1.76255231496425        1.75455506235894        1.74659112116533     
   1.98439153152824        1.96888090251216        1.95346779981337     
   1.93815222343187        1.92293417336766        1.90781364962074     
   1.89279065219112        1.87786518107878        1.86303723628374     
   1.84830681780598        1.83367392564552        1.81913855980235     
   1.80470072027647        1.79036040706788        1.77611762017658     
   1.76197235960257        1.74792462534586        1.73397441740643     
   1.72012173578430        1.70636658047945        1.69270895149190     
   1.67914884882164        1.66568627246867        1.65232122243299     
   1.63905369871460        1.62588370131350        1.61281123022970     
   1.59983628546318        1.58695886701396        1.57417897488202     
   1.97427297618581        1.94879975163509        1.92357980928483     
   1.89861314913503        1.87389977118569        1.84943967543681     
   1.82523286188838        1.80127933054042        1.77757908139292     
   1.75413211444587        1.73093842969929        1.70799802715316     
   1.68531090680750        1.66287706866229        1.64069651271755     
   1.61876923897326        1.59709524742943        1.57567453808606     
   1.55450711094315        1.53359296600071        1.51293210325872     
   1.49252452271719        1.47237022437612        1.45246920823551     
   1.43282147429536        1.41342702255566        1.39428585301643     
   1.37539796567766        1.35676336053935        1.33838203760149     
   1.95966959267188        1.91993465854909        1.88079438509301     
   1.84224877230365        1.80429782018100        1.76694152872506     
   1.73017989793584        1.69401292781334        1.65844061835754     
   1.62346296956846        1.58907998144610        1.55529165399045     
   1.52209798720151        1.48949898107928        1.45749463562377     
   1.42608495083498        1.39526992671289        1.36504956325752     
   1.33542386046887        1.30639281834693        1.27795643689170     
   1.25011471610319        1.22286765598139        1.19621525652630     
   1.17015751773793        1.14469443961627        1.11982602216132     
   1.09555226537309        1.07187316925157        1.04878873379677     
   1.93944998020067        1.88018358379879        1.82219958699419     
   1.76549798978686        1.71007879217681        1.65594199416404     
   1.60308759574854        1.55151559693031        1.50122599770937     
   1.45221879808570        1.40449399805930        1.35805159763019     
   1.31289159679835        1.26901399556378        1.22641879392649     
   1.18510599188648        1.14507558944374        1.10632758659828     
   1.06886198335010        1.03267877969919       0.997777975645558     
  0.964159571189202       0.931823566330123       0.900769961068320     
  0.870998755403793       0.842509949336542       0.815303542866568     
  0.789379535993869       0.764737928718447       0.741378721040301     
   1.91243956843003        1.82745492913271        1.74504430519429     
   1.66520769661476        1.58794510339413        1.51325652553240     
   1.44114196302956        1.37160141588562        1.30463488410058     
   1.24024236767443        1.17842386660718        1.11917938089883     
   1.06250891054937        1.00841245555880       0.956890015927135     
  0.907941591654363       0.861567182740488       0.817766789185509     
  0.776540410989426       0.737888048152240       0.701809700673949     
  0.668305368554555       0.637375051794056       0.609018750392454     
  0.583236464349748       0.560028193665938       0.539393938341024     
  0.521333698375007       0.505847473767885       0.492935264519660     
   1.87747149840517        1.75980703684713        1.64700411618945     
   1.53906273643214        1.43598289757519        1.33776459961860     
   1.24440784256238        1.15591262640651        1.07227895115102     
  0.993506816795884       0.919596223341114       0.850547170786706     
  0.786359659132662       0.727033688378982       0.672569258525665     
  0.622966369572711       0.578225021520120       0.538345214367892     
  0.503326948116028       0.473170222764527       0.447875038313390     
  0.427441394762615       0.411869292112204       0.401158730362157     
  0.395309709512472       0.394322229563151       0.398196290514193     
  0.406931892365599       0.420529035117367       0.438987718769499     
   1.83344310955840        1.67560733929414        1.52648927095902     
   1.38608890455302        1.25440624007616        1.13144127752843     
   1.01719401690984       0.911664458220378       0.814852601460050     
  0.726758446628854       0.647381993726792       0.576723242753862     
  0.514782193710065       0.461558846595402       0.417053201409871     
  0.381265258153473       0.354195016826208       0.335842477428076     
  0.326207639959077       0.325290504419211       0.333091070808478     
  0.349609339126878       0.374845309374411       0.408798981551077     
  0.451470355656876       0.502859431691807       0.562966209655872     
  0.631790689549071       0.709332871371400       0.795592755122865     
   1.77937632923434        1.57370824645577        1.38299118976887     
   1.20722515917363        1.04641015467006       0.900546176258157     
  0.769633223937917       0.653671297709342       0.552660397572433     
  0.466600523527189       0.395491675573610       0.339333853711696     
  0.298127057941448       0.271871288262865       0.260566544675948     
  0.264212827180696       0.282810135777109       0.316358470465188     
  0.364857831244932       0.428308218116342       0.506709631079416     
  0.600062070134157       0.708365535280562       0.831620026518633     
  0.969825543848368        1.12298208726977        1.29108965678284     
   1.47414825238757        1.67215787408397        1.88511852187203     
   1.71448019480922        1.45363603444452        1.21746156192712     
   1.00595677725702       0.819121680434214       0.656956271458708     
  0.519460550330502       0.406634517049593       0.318478171615984     
  0.254991514029674       0.216174544290662       0.202027262398949     
  0.212549668354534       0.247741762157419       0.307603543807602     
  0.392135013305084       0.501336170649864       0.635207015841944     
  0.793747548881322       0.976957769767999        1.18483767850197     
   1.41738727508325        1.67460655951182        1.95649553178769     
   2.26305419191086        2.59428253988133        2.95018057569910     
   3.33074829936417        3.73598571087653        4.16589281023620     
   1.63821366266934        1.31578788833790        1.03271504789431     
  0.788995141338568       0.584628168670681       0.419614129890644     
  0.293953024998459       0.207644853994124       0.160689616877640     
  0.153087313649008       0.184837944308226       0.255941508855295     
  0.366398007290214       0.516207439612985       0.705369805823606     
  0.933885105922078        1.20175333990840        1.50897450778257     
   1.85554860954460        2.24147564519448        2.66675561473220     
   3.13138851815778        3.63537435547121        4.17871312667249     
   4.76140483176162        5.38344947073860        6.04484704360343     
   6.74559755035612        7.48570099099664        8.26515736552503     
   1.55034679015563        1.16163108581187       0.833843284805333     
  0.566983387136030       0.361051392803960       0.216047301809120     
  0.131971114151513       0.108822829831137       0.146602448847992     
  0.245309971202079       0.404945396893398       0.625508725921948     
  0.906999958287728        1.24941909399074        1.65276613303099     
   2.11704107540846        2.64224392112317        3.22837467017511     
   3.87543332256428        4.58341987829068        5.35233433735431     
   6.18217669975518        7.07294696549327        8.02464513456860     
   9.03727120698115        10.1108251827309        11.2453070618180     
   12.4407168442422        13.6970545300037        15.0143201191024     
   1.45101835322422       0.993897365956558       0.628625140296044     
  0.355201676242679       0.173626973796465       8.390103295740027E-002
  8.602385372548568E-002  0.179995436100721       0.365815780083106     
  0.643484885672641        1.01300275286933        1.47436938167316     
   2.02758477208415        2.67264892410228        3.40956183772757     
   4.23832351296000        5.15893394979958        6.17139314824632     
   7.27570110830020        8.47185782996123        9.75986331322942     
   11.1397175581048        12.6114205645872        14.1749723326769     
   15.8303728623737        17.5776221536776        19.4167202065887     
   21.3476670211069        23.3704625972323        25.4851069349648     
   1.34078802155972       0.816765046349360       0.427916538648367     
  0.174242498456737       5.574292577447061E-002  7.241782060156705E-002
  0.224267182938027       0.511291012783849       0.933489310139035     
   1.49086207500358        2.18340930737750        3.01113100726077     
   3.97402717465341        5.07209780955541        6.30534291196678     
   7.67376248188751        9.17735651931759        10.8161250242570     
   12.5900679967059        14.4991854366640        16.5434773441316     
   18.7229437191085        21.0375845615948        23.4873998715904     
   26.0723896490954        28.7925538941098        31.6478926066335     
   34.6384057866666        37.7640934342090        41.0249555492608     
   1.22068137635711       0.636021558115317       0.246003012801141     
  5.062574041458186E-002  4.988974095563917E-002  0.243795014424313     
  0.632341560820604        1.21552938014451        1.99335847239603     
   2.96582883757518        4.13294047568193        5.49469338671631     
   7.05108757067830        8.80212302756791        10.7477997573851     
   12.8881177601300        15.2230770358024        17.7526775844025     
   20.4769194059302        23.3958025003855        26.5093268677684     
   29.8174925080790        33.3202994213171        37.0177476074829     
   40.9098370665763        44.9965677985973        49.2779398035459     
   53.7539530814222        58.4246076322260        63.2899034559575     
   1.09222632371939       0.459199767227017       0.100899428150292     
  1.732530648921015E-002  0.208477402243773       0.674355715413981     
   1.41496024599983        2.43029099400133        3.72034795941846     
   5.28513114225125        7.12464054249968        9.23887616016376     
   11.6278379952435        14.2915260477388        17.2299403176498     
   20.4430808049765        23.9309475097188        27.6935404318767     
   31.7308595714503        36.0429049284395        40.6296765028444     
   45.4911742946649        50.6273983039011        56.0383485305529     
   61.7240249746203        67.6844276361034        73.9195565150021     
   80.4294116113166        87.2139929250466        94.2733004561922     
  0.957479816244260       0.295682654689634       1.458385836579544E-002
  0.114183427272744       0.594481361410478        1.45547766077900     
   2.69717232537831        4.31956535520840        6.32265675026928     
   8.70644651056095        11.4709346360834        14.6161211268367     
   18.1420059828207        22.0485892040355        26.3358707904811     
   31.0038507421575        36.0525290590647        41.4819057412026     
   47.2919807885714        53.4827542011709        60.0542259790012     
   67.0063961220624        74.3392646303542        82.0528315038769     
   90.1470967426304        98.6220603466146        107.477722315830     
   116.714082650276        126.331141349952        136.328898414860     
  0.819044184796775       0.156772441018951       1.315596346993428E-002
  0.388194752149725        1.28188880705832        2.69423812819573     
   4.62524271556194        7.07490256915696        10.0432176889808     
   13.5301880750334        17.5358137273149        22.0600946458251     
   27.1030308305642        32.6646222815320        38.7448689987287     
   45.3437709821542        52.4613282318084        60.0975407476915     
   68.2524085298034        76.9259315781441        86.1181098927136     
   95.8289434735119        106.058432320539        116.806576433795     
   128.073375813280        139.858830458993        152.162940370936     
   164.985705549107        178.327125993507        192.187201704136     
  0.680072846428468       5.572199552845986E-002  0.126914093855372     
  0.893649141409204        2.35592713818995        4.51374808419763     
   7.36711197943222        10.9160188238937        15.1604686175822     
   20.1004613604975        25.7359970526398        32.0670756940090     
   39.0936972846051        46.8158618244281        55.2335693134781     
   64.3468197517550        74.1556131392587        84.6599494759894     
   95.8598287619471        107.755250997132        120.346216181543     
   133.632724315181        147.614775398047        162.292369430139     
   177.665506411458        193.734186342004        210.498409221777     
   227.958175050777        246.113483829004        264.964335556458     
