   101.985159754891        101.970413826405        101.955762065670     
   101.941204472686        101.926741047454        101.912371789973     
   101.898096700244        101.883915778265        101.869829024039     
   101.855836437563     
   101.956001691664        101.912767281844        101.870296326746     
   101.828588826368        101.787644780710        101.747464189774     
   101.708047053558        101.669393372062        101.631503145288     
   101.594376373234     
   101.894729698251        101.793493625096        101.696290707678     
   101.603120945995        101.513984340049        101.428880889839     
   101.347810595365        101.270773456628        101.197769473626     
   101.128798646361     
   101.785433713030        101.586601992830        101.403502615098     
   101.236135579834        101.084500887038        100.948598536709     
   100.828428528848        100.723990863455        100.635285540529     
   100.562312560071     
   101.614016676310        101.277371733883        100.990061066253     
   100.752084673419        100.563442555383        100.424134712143     
   100.334161143700        100.293521850054        100.302216831205     
   100.360246087153     
   101.372987388327        100.877617029413        100.513881995016     
   100.281782285138        100.181317899778        100.212488838936     
   100.375295102612        100.669736690806        101.095813603518     
   101.653525840749     
   101.066992874323        100.444305090024        100.131925765584     
   100.129854901001        100.438092496275        101.056638551408     
   101.985493066399        103.224656041247        104.774127475954     
   106.633907370518     
   100.718503312576        100.099711501024        100.143608437063     
   100.850194120693        102.219468551912        104.251431730722     
   106.946083657122        110.303424331113        114.323453752694     
   119.006171921865     
   100.372889680056        100.050239438929        101.032026483491     
   103.318250813743        106.908912429685        111.804011331316     
   118.003547518637        125.507520991647        134.315931750348     
   144.428779794738     
   100.102130285117        100.600742897880        103.495806877525     
   108.787322224052        116.475288937462        126.559707017753     
   139.040576464927        153.917897278982        171.191669459920     
   190.861893007740     
