  0.191938666311233       0.173178942445554       0.158151544509509     
  0.146489297989795       0.137869396318278       0.132006900370259     
  0.128649355273655       0.127572305254434       0.128575535366998     
  0.131479905459142       0.136124669650003       0.142365196144819     
  0.150071018960068       0.159124166248532       0.169417720254930     
  0.180854572138801       0.193346341452950       0.206812435326916     
  0.221179226653012       0.236379334020526     
  0.131472467063438       0.120135465040205       0.112260811162668     
  0.107500282777512       0.105548097089551       0.106134663645408     
  0.109021413949627       0.113996496360677       0.120871170985688     
  0.129476774601972       0.139662152639024       0.151291476079620     
  0.164242377321493       0.178404351708155       0.193677381420573     
  0.209970746340179       0.227201992813526       0.245296036321890     
  0.264184378153624       0.283804419499217     
  9.373867309312017E-002  8.950211109043560E-002  8.846964142076498E-002
  9.031117043360160E-002  9.473719996375204E-002  0.101492821816237     
  0.110352750949629       0.121117192605129       0.133608383715537     
  0.147667683097409       0.163153111052394       0.179937259139340     
  0.197905506519436       0.216954491514346       0.236990796657915     
  0.257929813166141       0.279694756848133       0.302215812373740     
  0.325429386761216       0.349277456149928     
  7.604133118398483E-002  7.860306775266984E-002  8.412163027125424E-002
  9.228428265771005E-002  0.102817118425176       0.115479286870322     
  0.130058221161617       0.146365670372535       0.164234381170209     
  0.183515307947649       0.204075255464943       0.225794877540475     
  0.248566970454770       0.272295011556086       0.296891902869654     
  0.322278886893499       0.348384607649498       0.375144294778943     
  0.402499052278937       0.430395236562227     
  7.600546917463405E-002  8.508190203277285E-002  9.687820958430603E-002
  0.111098289215973       0.127483175686567       0.145805489352864     
  0.165864851032045       0.187484072059778       0.210505970406558     
  0.234790695746492       0.260213470839874       0.286662675434118     
  0.314038213511671       0.342250116146066       0.371217341225872     
  0.400866738435223       0.431132153561880       0.461953650759242     
  0.493276835061007       0.525052260422949     
  9.153578429191969E-002  0.106860399574273       0.124677631883582     
  0.144707331606175       0.166704863505549       0.190455767902398     
  0.215771354670322       0.242485044854044       0.270449315714050     
  0.299533136029921       0.329619802184823       0.360605103790240     
  0.392395761757028       0.424908092773473       0.458066862848303     
  0.491804299463808       0.526059237371277       0.560776377458076     
  0.595905641658723       0.631401609752051     
  0.120781092572945       0.142103148745642       0.165699684200781     
  0.191305862125362       0.218690802219976       0.247652446287004     
  0.278013324170935       0.309617040854575       0.342325345258042     
  0.376015671352904       0.410579065148162       0.445918428759186     
  0.481947026459754       0.518587208309194       0.555769315354700     
  0.593430737063983       0.631515096943172       0.669971546540004     
  0.708754151451224       0.747821355721175     
  0.162103679940033       0.189187012335122       0.218335276003151     
  0.249298343950863       0.281858549179900       0.315825746634074     
  0.351033244313541       0.387334430120419       0.424599959539005     
  0.462715398394134       0.501579237159185       0.541101210380270     
  0.581200868032335       0.621806355966241       0.662853370736166     
  0.704284260528776       0.746047249035501       0.788095763208243     
  0.830387849138610       0.872885662971057     
  0.214052830035905       0.246674763520506       0.281160179364831     
  0.317273091856223       0.354808536599140       0.393587821232177     
  0.433454615332058       0.474271711607314       0.515918327864921     
  0.558287847484304       0.601285917672335       0.644828841330279     
  0.688842211189927       0.733259744884514       0.778022287483173     
  0.823076954235487       0.868376391219582       0.913878135545811     
  0.959544059953272        1.00533988921270     
  0.275341916960343       0.313292275644716       0.352912312251863     
  0.393979645723926       0.436301532236564       0.479710297522379     
  0.524059579539065       0.569221218912973       0.615082670855286     
  0.661544839643616       0.708520257638407       0.755931546843630     
  0.803710113440596       0.851795035409879       0.900132110962459     
  0.948673041512866       0.997374727707541        1.04619866084518     
   1.09511039510079        1.14407908845105     
  0.344828545926976       0.387908750049659       0.432472050362325     
  0.478309163443615       0.525239110604114       0.573104825048080     
  0.621769541612535       0.671113811643829       0.721033020765757     
  0.771435313865266       0.822239851860458       0.873375340357673     
  0.924778782332094       0.976394416342200        1.02817280914712     
   1.08007007740912        1.13204721778369        1.18406952839319     
   1.23610610764876        1.28812941878429     
  0.421497304475166       0.469519545696644       0.518845132303430     
  0.569277398994190       0.620646701482075       0.672806192093747     
  0.725628351195014       0.779002121944788       0.832830530039808     
  0.887028695891017       0.941522166296608       0.996245507739037     
   1.05114111508361        1.10615819853323        1.16125191881424     
   1.21638264619041        1.27151532336763        1.32661891592060     
   1.38166593673888        1.43663203330508     
  0.504444753699907       0.557231241003706       0.611147789468138     
  0.666009897971886       0.721658848872707       0.777957645984190     
  0.834787682590728       0.892045991766248       0.949642964426901     
   1.00750044556141        1.06555013811444        1.12373225859808     
   1.18199439979316        1.24029056469086        1.29858034271565     
   1.35682820470838        1.41500289746523        1.47307692207572     
   1.53102608307111        1.58882909762860     
  0.592866345091563       0.650248614347124       0.708593787882980     
  0.767729098631432       0.827506369227796       0.887798106623207     
  0.948494301859115        1.00949979186440        1.07073207233987     
   1.13211947507042        1.19359964146532        1.25511823828080     
   1.31662787241449        1.37808717017247        1.43945999307820     
   1.50071476755289        1.56182390997003        1.62276333191790     
   1.68351201317673        1.74405163207365     
  0.686044995763756       0.747863276761560       0.810483116290065     
  0.873743073406305       0.937505144595337        1.00165100957371     
   1.06607895824294        1.13070136008948        1.19544256860429     
   1.26023717685798        1.32502855827651        1.38976764038504     
   1.45441186988461        1.51892433566878        1.58327302284249     
   1.64743017589341        1.71137175320123        1.77507695828855     
   1.83852783579855        1.90170892226531     
  0.783341094563488       0.849443730001229       0.916192094269752     
  0.983435685335994        1.05104632571363        1.11891455428832     
   1.18694667610220        1.25506233567806        1.32319250984451     
   1.39127783889857        1.45926723231806        1.52711669854317     
   1.59478835861631        1.66224961145268        1.72947242476266     
   1.79643273056926        1.86310990816508        1.92948634046323     
   1.99554703218902        2.06127928036777     
  0.884183745028469       0.954426656517988        1.02516470752926     
   1.09625796707496        1.16758775325824        1.23905316620922     
   1.31056825656982        1.38205969924723        1.45346487167176     
   1.52473025800489        1.59581011760464        1.66666536896034     
   1.73726265026251        1.80757352550644        1.87757381107709     
   1.94724300252480        2.01656378501337        2.08552161392679     
   2.15410435452800        2.22230197150115     
  0.988063079409033        1.06230927609644        1.13690500560107     
   1.21172055821319        1.28664643344133        1.36159000939102     
   1.43647282602237        1.51122835601008        1.58580016560705     
   1.66014038948109        1.73420845985695        1.80797004281248     
   1.88139614422576        1.95446235536061        2.02714821393404     
   2.09943666111597        2.17131357855879        2.24276739245739     
   2.31378873396471        2.38437014715786     
   1.09452350185212        1.17264262770620        1.25097042095698     
   1.32938706034438        1.40779192781498        1.48610040990006     
   1.56424129200881        1.64215462323268        1.71978995712511     
   1.79710489486696        1.87406387310946        1.95063715092674     
   2.02679995966263        2.10253178671252        2.17781576995044     
   2.25263818396875        2.32698800282352        2.40085652678420     
   2.47423706283007        2.54712465044033     
   1.20315773906810        1.28502565530195        1.36696588866358     
   1.44886818938868        1.53064053715353        1.61220607022155     
   1.69350058721301        1.77447050284260        1.85507116605367     
   1.93526546932231        2.01502269331959        2.09431754289689     
   2.17312933942516        2.25144134154884        2.32924017190338     
   2.40651533165756        2.48325878815046        2.55946462360356     
   2.63512873505438        2.71024857739921     
