   11.6237004293918        8.09058992645559        4.18785009196983     
   2.89410898449302        8.37944112022124        26.0053674729882     
   62.3248554742650        125.082319013161        223.213618436422     
   366.846060548431     
   10.4531378192032        4.61417906972491       0.887647465017888     
   8.28105850800769        39.4049194908229        110.472729494795     
   241.300979390460        455.309151837553        779.519721285018     
   1244.55815397100     
   8.63357906943039        1.28617386068075        8.21266060898822     
   58.1710896860614        191.422685599596        459.731846993274     
   926.366146646765        1666.09633147573        2765.19632253180     
   4321.44321500261     
   6.29052571032149        3.88273512579957        58.9371883653756     
   260.054582694402        731.275752523823        1632.08166941018     
   3157.39344205559        5537.57231630779        9038.41967516008     
   13961.1770387514     
   4.15780677270133        27.5397530349852        232.868858334228     
   869.682823153686        2287.33402891119        4934.98953795916     
   9361.63109358458        16216.0551200090        26246.8727223886     
   40302.5096868141     
   4.01538319774981        103.394040243232        690.128625414635     
   2395.87187811163        6104.93662285340        12954.2957692787     
   24333.5823121457        41885.0893313323        67503.7699918356     
   103337.237543773     
   9.13675511868133        285.577960047708        1706.40732906090     
   5711.76054560616        14317.8252623026        30116.8411009408     
   56277.0996524824        96542.9444770604        155234.771103979     
   237249.027031714     
   24.6330949101494        656.724033291078        3700.83125641515     
   12142.8775373138        30163.1499807736        63136.3000233366     
   117631.343433300        201411.660310716        323434.995087392     
   493853.456526891     
   57.6056101781804        1330.50343562851        7248.90764147256     
   23508.1599820707        58081.7298010172        121221.214031140     
   225456.337194501        385594.951402396        618723.036355354     
   944204.699343138     
   117.073133142821        2450.61658680977        13077.5543729380     
   42104.3995608398        103680.254277196        215996.809706057     
   401288.346088840        685831.732724332        1099946.42796869     
   1677994.47923544     
