   102.937593697852        102.876424953367        102.816493136305     
   102.757798246665        102.700340284448        102.644119249654     
   102.589135142282        102.535387962332        102.482877709805     
   102.431604384701     
   102.859986942142        102.725621081465        102.596900989622     
   102.473826666614        102.356398112440        102.244615327101     
   102.138478310597        102.037987062928        101.943141584093     
   101.853941874093     
   102.732179070186        102.483582786806        102.254208375569     
   102.044055836473        101.853125169519        101.681416374708     
   101.528929452039        101.395664401511        101.281621223126     
   101.186799916883     
   102.544736704774        102.142710842772        101.793917595243     
   101.498356962188        101.256028943606        101.066933539497     
   100.931070749861        100.848440574699        100.819043014010     
   100.842878067794     
   102.293650083667        101.713915987642        101.260790015457     
   100.934272167112        100.734362442606        100.661060841939     
   100.714367365113        100.894282012125        101.200804782978     
   101.633935677669     
   101.982024341469        101.232108726972        100.750241636610     
   100.536423070383        100.590653028292        100.912931510337     
   101.503258516517        102.361634046832        103.488058101284     
   104.882530679870     
   101.621395423331        100.760689650040        100.417866304809     
   100.592925387636        101.285866898522        102.496690837466     
   104.225397204469        106.471985999531        109.236457222652     
   112.518810873831     
   101.232644030050        100.394899741947        100.486744814362     
   101.508179247295        103.459203040745        106.339816194713     
   110.150018709199        114.889810584203        120.559191819724     
   127.158162415763     
   100.846466301134        100.263814135483        101.252014113665     
   103.811066235680        107.940970501529        113.641726911210     
   120.913335464725        129.755796162073        140.169109003254     
   152.153273988268     
   100.503354324295        100.530698770232        103.081995751842     
   108.157245269125        115.756447322081        125.879601910709     
   138.526709035011        153.697768694985        171.392780890632     
   191.611745621952     
