  0.332023986364600       0.325394378266275       0.329633654214592     
  0.342749840193756       0.363175208134988       0.389660126528970     
  0.421197301477251       0.456966685811553       0.496294745558868     
  0.538623890247297       0.583489221426373       0.630500631697613     
  0.679328870255139       0.729694586317153       0.781359634221458     
  0.834120114546763       0.887800760880219       0.942250379106935     
  0.997338116876667        1.05295039299398     
  0.279798064144918       0.287222918239659       0.304578972675408     
  0.329991586485666       0.361989632463484       0.399403961649438     
  0.441295042122540       0.486900415198597       0.535595901739509     
  0.586866530911655       0.640284461060274       0.695492006615412     
  0.752188445766914       0.810119663194679       0.869069943397408     
  0.928855412801272       0.989318758333904        1.05032494318563     
   1.11175770813033        1.17351669652331     
  0.249933436583547       0.270802532284147       0.300705857234635     
  0.337881009118516       0.380949267347320       0.428818471097556     
  0.480613908317130       0.535628208412958       0.593284404179757     
  0.653108293950764       0.714707483924557       0.777755302659654     
  0.841978318661671       0.907146556391843       0.973065756630738     
   1.03957120216412        1.10652275375693        1.17380083038229     
   1.24130313232984        1.30894195331838     
  0.239759097748053       0.273500349010528       0.315417026790992     
  0.363854191388194       0.417521596699831       0.475400794000963     
  0.536679132861142       0.600701986642587       0.666937591087232     
  0.734950778865335       0.804383095634162       0.874937564352106     
  0.946366882569490        1.01846418732092        1.09105576265048     
   1.16399523255260        1.23715890083987        1.31044198458607     
   1.38375554958435        1.45702400161245     
  0.246922782273898       0.292999205814533       0.346428079519277     
  0.405657443321179       0.469481834744416       0.536953442140349     
  0.607319087696864       0.679974688430055       0.754431797313274     
  0.830292652971799       0.907231324680865       0.984979291047683     
   1.06331428865091        1.14205160291927        1.22103720416408     
   1.30014229245458        1.37925892870202        1.45829651075357     
   1.53717891234181        1.61584214602879     
  0.269349907031703       0.327256875421040       0.391726985285116     
  0.461307043331750       0.534872902244151       0.611544497712775     
  0.690625691540576       0.771560876674945       0.853903151228413     
  0.937290629517206        1.02142857390510        1.10607575453783     
   1.19103392268483        1.27613960608613        1.36125765596226     
   1.44627612942636        1.53110219987120        1.61565886578702     
   1.69988228487763        1.78371960166011     
  0.305208239192110       0.374470988929265       0.449539246658760     
  0.529054622321319       0.611971020556172       0.697473405670760     
  0.784920390065334       0.873802897264157       0.963713903299378     
   1.05432595847537        1.14537426645594        1.23664379370732     
   1.32795934247256        1.41917783034235        1.51018223174958     
   1.60087678437282        1.69118316761767        1.78103743481934     
   1.87038753469326        1.95919129698262     
  0.352877436835373       0.433048804808548       0.518297881059611     
  0.607357345640946       0.699256081651184       0.793241521345626     
  0.888724871776164       0.985241754782732        1.08242345402140     
   1.17997559977903        1.27766215800376        1.37529325993474     
   1.47271585109726        1.56980643602985        1.66646539872961     
   1.76261252028914        1.85818341491530        1.95312667672016     
   2.04740158112933        2.14097622235385     
  0.410922741766992       0.501581106460143       0.596617509403949     
  0.694852180874076       0.795386084487589       0.897526706041870     
   1.00073581444067        1.10459200223568        1.20876338010520     
   1.31298737976691        1.41705561778192        1.52080241753598     
   1.62409601199181        1.72683173559408        1.82892670901900     
   1.93031565601537        2.03094758700686        2.13078315217746     
   2.22979251588205        2.32795364007462     
  0.478072216417928       0.578819622854572       0.683271948220877     
  0.790333650706460       0.899175039173626        1.00916137408195     
   1.11980306749276        1.23072005203978        1.34161586793130     
   1.45225854153199        1.56246629074521        1.67209671307256     
   1.78103852110983        1.88920516466058        1.99652986596552     
   2.10296172439369        2.20846263823305        2.31300485624209     
   2.41656901849766        2.51914258024085     
  0.553197010932793       0.663657460684184       0.777174795856501     
  0.892734563547240        1.00957383350520        1.12711348770591     
   1.24491076853501        1.36262540804596        1.47999505558923     
   1.59681719197515        1.71293564507043        1.82823041911273     
   1.94260994309591        2.05600510705918        2.16836463473460     
   2.27965146536080        2.38983990478510        2.49891336808477     
   2.60686258064942        2.71368413721139     
  0.635294225641232       0.755112115296212       0.877362581963621     
   1.00110929290965        1.12565363459240        1.25047007414873     
   1.37516096978749        1.49942439588870        1.62303086217810     
   1.74580622555740        1.86761898625247        1.98837073490591     
   2.10798889507425        2.22642115852934        2.34363118297082     
   2.45959524081661        2.57429959122124        2.68773840677165     
   2.79991212893765        2.91082615733768     
  0.723472000511529       0.852310693837144       0.982980115417300     
   1.11461924229435        1.24659146382603        1.37842290457100     
   1.50975941550835        1.64033603396991        1.76995494789645     
   1.89846936944415        2.02577158360376        2.15178399084651     
   2.27645232595747        2.39974047799462        2.52162650137197     
   2.64209952202228        2.76115732238410        2.87880444554993     
   2.99505069953137        3.10990997207500     
  0.816936518968843       0.954477039610586        1.09326772117021     
   1.23252018750640        1.37165763844894        1.51025602936762     
   1.64800316610386        1.78466974192831        1.92008850285253     
   2.05413904900310        2.18673660910443        2.31782365761913     
   2.44736359307430        2.57533592907669        2.70173260768566     
   2.82655515384747        2.94981246582046        3.07151909050074     
   3.19169387124003        3.31035888377215     
  0.914980660364998        1.06092049336718        1.20755010310244     
   1.35415123471319        1.50020481921821        1.64533491045358     
   1.78926981058189        1.93181462925056        2.07283160820490     
   2.21222581817647        2.34993463399516        2.48591990625206     
   2.62016208314454        2.75265575964800        2.88340628266967     
   3.01242714512342        3.13973797465106        3.26536297417478     
   3.38932970827706        3.51166815602739     
   1.01697407487011        1.17102606656231        1.32522660908249     
   1.47892517156722        1.63165844252425        1.78309692987716     
   1.93300804763124        2.08123014519185        2.22765395164502     
   2.37220913754438        2.51485446669954        2.65557050340366     
   2.79435416263438        2.93121460513752        3.06617012438649     
   3.19924577210473        3.33047153850399        3.45988095241462     
   3.58751000149053        3.71339629793952     
   1.12235448783528        1.28424583474968        1.44576270745180     
   1.60632002158479        1.76550834807898        1.92304308674273     
   2.07872944813340        2.23243790359580        2.38408671155698     
   2.53362931512617        2.68104514780358        2.82633285826207     
   2.96950527449882        3.11058563319836        3.24960473902069     
   3.38659881378811        3.52160786179981        3.65467442417371     
   3.78584262837600        3.91515746305832     
   1.23062006876883        1.40009138724301        1.56868251198869     
   1.73587163970275        1.90130144091028        2.06473072194998     
   2.22600123934268        2.38501452354207        2.54171545144269     
   2.69608045213797        2.84810894491299        2.99781706445570     
   3.14523302526281        3.29039367422178        3.43334191321689     
   3.57412476458008        3.71279191535814        3.84939462076368     
   3.98398487875013        4.11661481034584     
   1.34132272381550        1.51812719281112        1.69356221593465     
   1.86716721036226        2.03863524973306        2.20776713350115     
   2.37443997413149        2.53858534983176        2.70017388920640     
   2.85920425885736        3.01569521307213        3.16967980316955     
   3.32120112912660        3.47030920485459        3.61705863554912     
   3.76150689236268        3.90371302979750        4.04373673341019     
   4.18163761536059        4.31747469680738     
   1.45406219073982        1.63796476118399        1.82002431558471     
   1.99983952930075        2.17715226351699        2.35180396479987     
   2.52370596829638        2.69281893684914        2.85913842535435     
   3.02268462514482        3.18349500576671        3.34161899294187     
   3.49711409500408        3.65004307084661        3.80047185385075     
   3.94846802907411        4.09409971821980        4.23743476697108     
   4.37854015763644        4.51748159033540     
