  1.636676691412475E-004  6.546575834787860E-004  1.472969743078081E-003
  2.618604147939130E-003  4.091560798061934E-003  5.891839693446495E-003
  8.019440834092813E-003  1.047436422000089E-002  1.325660985117071E-002
  1.636617772760229E-002  1.980306784929563E-002  2.356728021625073E-002
  2.765881482846758E-002  3.207767168594619E-002  3.682385078868656E-002
  4.189735213668867E-002  4.729817572995255E-002  5.302632156847817E-002
  5.908178965226556E-002  6.546457998131466E-002  7.217469255562557E-002
  7.921212737519821E-002  8.657688444003264E-002  9.426896375012880E-002
  0.102288365305487       0.110635089106106       0.119309135151988     
  0.128310503443131       0.137639193979536       0.147295206761203     
  2.041969167472392E-003  8.167713316440008E-003  1.837723244771962E-002
  3.267052656131118E-002  5.104759565721474E-002  7.350843973543028E-002
  0.100053058795958       0.130681452838797       0.165393621863949     
  0.204189565871412       0.247069284861188       0.294032778833275     
  0.345080047787675       0.400211091724386       0.459425910643409     
  0.522724504544745       0.590106873428392       0.661573017294351     
  0.737122936142623       0.816756629973206       0.900474098786101     
  0.988275342581308        1.08016036135883        1.17612915511866     
   1.27618172386080        1.38031806758526        1.48853818629202     
   1.60084207998110        1.71722974865249        1.83770119230620     
  5.218120586950585E-003  2.087206490859136E-002  4.696183296700953E-002
  8.348742476220504E-002  0.130448840294178       0.187846079562928     
  0.255679142568456       0.333948029310761       0.422652739789843     
  0.521793274005703       0.631369631958340       0.751381813647754     
  0.881829819073946        1.02271364823692        1.17403330113666     
   1.33578877777319        1.50798007814649        1.69060720225657     
   1.88367015010342        2.08716892168705        2.30110351700746     
   2.52547393606465        2.76028017885862        3.00552224538936     
   3.26120013565688        3.52731384966118        3.80386338740225     
   4.09084874888011        4.38826993409474        4.69612694304614     
  9.428419874026175E-003  3.771292524137117E-002  8.485351610580617E-002
  0.150850192467331       0.235702954325946       0.339411801681652     
  0.461976734534447       0.603397752884332       0.763674856731307     
  0.942808046075372        1.14079732091653        1.35764268125477     
   1.59334412709011        1.84790165842253        2.12131527525205     
   2.41358497757865        2.72471076540235        3.05469263872314     
   3.40353059754101        3.77122464185598        4.15777477166803     
   4.56318098697718        4.98744328778341        5.43056167408674     
   5.89253614588715        6.37336670318466        6.87305334597926     
   7.39159607427094        7.92899488805972        8.48524978734558     
  1.500360827818613E-002  6.001323285408874E-002  0.135028873733709     
  0.240050530917047       0.375078204404102       0.540111894194876     
  0.735151600289367       0.960197322687576        1.21524906138950     
   1.50030681639515        1.81537058770451        2.16044037531759     
   2.53551617923439        2.94059799945490        3.37568583597913     
   3.84077968880708        4.33587955793875        4.86098544337414     
   5.41609734511324        6.00121526315606        6.61633919750260     
   7.26146914815286        7.93660511510683        8.64174709836453     
   9.37689509792593        10.1420491137911        10.9372091459599     
   11.7623751944325        12.6175472592087        13.5027253402887     
  2.245201466141677E-002  8.980626252939714E-002  0.202062743612922     
  0.359221457911990       0.561282405426602       0.808245586156759     
   1.10011100010246        1.43687864726370        1.81854852764049     
   2.24512064123283        2.71659498804070        3.23297156806412     
   3.79425038130309        4.40043142775760        5.05151470742765     
   5.74750022031325        6.48838796641439        7.27417794573107     
   8.10487015826330        8.98046460401107        9.90096128297439     
   10.8663601951532        11.8766613405477        12.9318647191576     
   14.0319703309831        15.1769781760241        16.3668882542807     
   17.6017005657528        18.8814151104405        20.2060318883437     
  3.249717216149860E-002  0.129986088937214       0.292466750340145     
  0.519939156370292       0.812403307027654        1.16985920231223     
   1.59230684222402        2.07974622676303        2.63217735592926     
   3.24960022972269        3.93201484814335        4.67942121119122     
   5.49181931886630        6.36920917116861        7.31159076809812     
   8.31896410965485        9.39132919583880        10.5286860266500     
   11.7310346020883        12.9983749221539        14.3307069868467     
   15.7280307961668        17.1903463501140        18.7176536486885     
   20.3099526918901        21.9672434797190        23.6895260121751     
   25.4768002892584        27.3290663109690        29.2463240773067     
  4.620433173200104E-002  0.184813630673872       0.415827896844094     
  0.739247130242667        1.15507133086959        1.66330049872487     
   2.26393463380849        2.95697373612047        3.74241780566080     
   4.62026684242947        5.59052084642650        6.65317981765189     
   7.80824375610562        9.05571266178770        10.3955865346981     
   11.8278653748369        13.3525491822041        14.9696379567995     
   16.6791316986234        18.4810304076756        20.3753340839561     
   22.3620427274650        24.4411563382022        26.6126749161678     
   28.8765984613618        31.2329269737841        33.6816604534347     
   36.2227989003137        38.8563423144211        41.5822906957567     
  6.512590444757048E-002  0.260498407848175       0.586117510227862     
   1.04198321158663        1.62809551192449        2.34445441124142     
   3.19105990953744        4.16791200681255        5.27501070306673     
   6.51235599830000        7.87994789251236        9.37778638570379     
   11.0058714778743        12.7642031690239        14.6527814591526     
   16.6716063482604        18.8206778363472        21.0999959234131     
   23.5095606094582        26.0493718944823        28.7194297784854     
   31.5197342614677        34.4502853434291        37.5110830243695     
   40.7021273042890        44.0234181831876        47.4749556610653     
   51.0567397379221        54.7687704137579        58.6110476885728     
  9.142703987548322E-002  0.365700845521592       0.822821416974897     
   1.46278875423540        2.28560285730309        3.29126372617798     
   4.47977136086007        5.85112576134935        7.40532692764583     
   9.14237485974950        11.0622695576604        13.1650110213784     
   15.4505992509037        17.9190342462361        20.5703160073758     
   23.4044445343226        26.4214198270767        29.6212418856379     
   33.0039107100064        36.5694263001820        40.3177886561648     
   44.2489977779548        48.3630536655520        52.6599563189564     
   57.1397057381680        61.8023019231868        66.6477448740128     
   71.6760345906460        76.8871710730864        82.2811543213340     
  0.127957094031351       0.511818139813788        1.15158313739849     
   2.04725208678546        3.19882498797470        4.60630184096621     
   6.26968264575999        8.18896740235603        10.3641561107543     
   12.7952487709549        15.4822453829578        18.4251459467629     
   21.6239504623702        25.0786589297799        28.7892713489918     
   32.7557877200060        36.9782080428225        41.4565323174412     
   46.1907605438622        51.1808927220854        56.4269288521109     
   61.9288689339387        67.6867129675687        73.7004609530011     
   79.9701128902356        86.4956687792725        93.2771286201116     
   100.314492412753        107.607760157197        115.156931853443     
  0.178247879810172       0.712977259766792        1.60418813994116     
   2.85188052033326        4.45605440094311        6.41670978177071     
   8.73384666281605        11.4074650440791        14.4375649255600     
   17.8241463072585        21.5672091891748        25.6667535713089     
   30.1227794536607        34.9352868362302        40.1042757190175     
   45.6297461020226        51.5116979852453        57.7501313686858     
   64.3450462523441        71.2964426362201        78.6043205203138     
   86.2686799046253        94.2895207891546        102.666843173902     
   111.400647058866        120.490932444049        129.937699329449     
   139.740947715067        149.900677600903        160.416888986956     
  0.246437507488026       0.985730315444370        2.21787842396760     
   3.94288183305772        6.16074054271473        8.87145455293862     
   12.0750238637294        15.7714484750871        19.9607283870116     
   24.6428635995031        29.8178541125614        35.4856999261867     
   41.6464010403788        48.2999574551378        55.4463691704637     
   63.0856361863564        71.2177585028161        79.8427361198427     
   88.9605690374361        98.5712572555964        108.674800774324     
   119.271199593618        130.360453713479        141.942563133907     
   154.017527854901        166.585347876463        179.646023198592     
   193.199553821287        207.245939744549        221.785180968378     
  0.337132919241488        1.34850470700666        3.03411536343037     
   5.39396488851261        8.42805328225338        12.1363805446527     
   16.5189466757105        21.5757516754269        27.3067955438018     
   33.7120782808353        40.7915998865273        48.5453603608778     
   56.9733597038868        66.0755979155544        75.8520749958805     
   86.3027909448652        97.4277457625083        109.226939448810     
   121.700372003770        134.848043427389        148.669953719666     
   163.166102880602        178.336490910197        194.181117808449     
   210.699983575361        227.893088210931        245.760431715159     
   264.302014088047        283.517835329592        303.407895439796     
  0.455232556529873        1.82089380842541        4.09698375586870     
   7.28350239885975        11.3804497373985        16.3878257714851     
   22.3056305011194        29.1338639263014        36.8725260470312     
   45.5216168633088        55.0811363751341        65.5510845825072     
   76.9314614854280        89.2222670838965        102.423501377913     
   116.535164367477        131.557256052589        147.489776433248     
   164.332725509456        182.086103281211        200.749909748513     
   220.324144911364        240.808808769762        262.203901323709     
   284.509422573202        307.725372518244        331.851751158833     
   356.888558494970        382.835794526655        409.693459253888     
  0.605732859469608        2.42288298046111        5.45145036321679     
   9.69143500773665        15.1428369140207        21.8056560820689     
   29.6798925118813        38.7655462034579        49.0626171567986     
   60.5711053719035        73.2910108487726        87.2223335874059     
   102.365073587803        118.719230849965        136.284805373891     
   155.061797159581        175.050206207035        196.250032516253     
   218.661276087236        242.283936919983        267.118015014493     
   293.163510370769        320.420422988808        348.888752868611     
   378.568500010179        409.459664413510        441.562246078606     
   474.876245005467        509.401661194091        545.138494644479     
  0.793539782714149        3.17409564926102        7.14166759995802     
   12.6962556348051        19.8378597538024        28.5664799569497     
   38.8821162442472        50.7847686156949        64.2744370712926     
   79.3511216110405        96.0148222349385        114.265538942987     
   134.103271735185        155.528020611533        178.539785572032     
   203.138566616680        229.324363745479        257.097176958428     
   286.457006255527        317.403851636776        349.937713102175     
   384.058590651725        419.766484285424        457.061394003274     
   495.943319805273        536.412261691423        578.468219661723     
   622.111193716173        667.341183854774        714.158190077524     
   1.02330122661781        4.09312304441966        9.20946545381485     
   16.3723284548034        25.5817120473853        36.8376162315605     
   50.1400410073291        65.4889863746910        82.8844523336462     
   102.326438884195        123.814946026337        147.349973760072     
   172.931522085401        200.559591002323        230.234180510838     
   261.955290610947        295.722921302649        331.537072585944     
   369.397744460833        409.304936927315        451.258649985390     
   495.258883635059        541.305637876321        589.398912709177     
   639.538708133625        691.725024149667        745.957860757303     
   802.237217956532        860.563095747354        920.935494129769     
   1.29927015959693        5.19697669937345        11.6931196198492     
   20.7876989210243        32.4807146028986        46.7721666654722     
   63.6620551087450        83.1503799327172        105.237141137389     
   129.922338722759        157.205972688829        187.088043035598     
   219.568549763067        254.647492871235        292.324872360101     
   332.600688229668        375.474940479933        420.947629110898     
   469.018754122562        519.688315514925        572.956313287988     
   628.822747441750        687.287617976211        748.350924891372     
   812.012668187231        878.272847863790        947.131463921048     
   1018.58851635901        1092.64400517766        1169.29793037702     
   1.62520262195463        6.50068047485910        14.6264335593635     
   26.0024618754677        40.6287654231718        58.5053442024759     
   79.6321982133798        104.009327455884        131.636731929987     
   162.514411635691        196.642366572994        234.020596741898     
   274.649102142401        318.527882774504        365.656938638207     
   416.036269733510        469.665876060413        526.545757618916     
   586.675914409018        650.056346430721        716.687053684023     
   786.568036168926        859.699293885428        936.080826833530     
   1015.71263501323        1098.59471842453        1184.72707706744     
   1274.10971094194        1366.74262004804        1462.62580438574     
   2.00429046113541        8.01700150531325        18.0381331333352     
   32.0676853452012        50.1056581409114        72.1520515204656     
   98.2068654838640        128.270100031106        162.341755162193     
   200.421830877124        242.510327175898        288.607244058517     
   338.712581524980        392.826339575287        450.948518209439     
   513.079117427434        579.218137229273        649.365577614957     
   723.521438584484        801.685720137856        883.858422275072     
   970.039544996132        1060.22908830104        1154.42705218978     
   1252.63343666238        1354.84824171881        1461.07146735909     
   1571.30311358322        1685.54318039119        1803.79166778300     
   2.43912573142873        9.75630780053453        21.9515462082930     
   39.0248409547042        60.9761920397680        87.8055994634846     
   119.513063225854        156.098583326876        197.562159766550     
   243.903792544878        295.123481661858        351.221227117490     
   412.197028911776        478.050887044714        548.782801516304     
   624.392772326548        704.880799475444        790.246882962993     
   880.491022789194        975.613218954048        1075.61347145756     
   1180.49178029971        1290.24814548053        1404.88256699999     
   1524.39504485811        1648.78557905488        1778.05416959030     
   1912.20081646438        2051.22551967711        2195.12827922849     
   2.93169205412910        11.7265336870153        26.3845248998313     
   46.9056656925770        73.2899560652524        105.537396017858     
   143.647985550393        187.621724662857        237.458613355252     
   293.158651627576        354.721839479830        422.148176912014     
   495.437663924127        574.590300516170        659.606086688143     
   750.485022440046        847.227107771878        949.832342683640     
   1058.30072717533        1172.63226124695        1292.82694489850     
   1418.88477812999        1550.80576094140        1688.58989333274     
   1832.23717530401        1981.74760685521        2137.12118798634     
   2298.35791869740        2465.45779898839        2638.42082885930     
   3.48337759241330        13.9332317064124        31.3495623433905     
   55.7323695033478        87.0816531862841        125.397413392200     
   170.679650121094        222.928363372968        282.143553147820     
   348.325219445652        421.473362266463        501.587981610253     
   588.669077477022        682.716649866770        783.730698779497     
   891.711224215203        1006.65822617389        1128.57170465555     
   1257.45165966020        1393.29809118782        1536.11099923842     
   1685.89038381200        1842.63624490856        2006.34858252810     
   2177.02739667062        2354.67268733611        2539.28445452459     
   2730.86269823605        2929.40741847048        3134.91861522789     
   4.09500434147788        16.3796897737540        36.8540562984664     
   65.5181039156149        102.371832625200        147.415242427221     
   200.648333321678        262.071105308571        331.683558387900     
   409.485692559666        495.477507823868        589.659004180506     
   692.030181629581        802.591040171091        921.341579805038     
   1048.28180053142        1183.41170235024        1326.73128526150     
   1478.24054926519        1637.93949436131        1805.82812054988     
   1981.90642783088        2166.17441620431        2358.63208567019     
   2559.27943622849        2768.11646787924        2985.14318062242     
   3210.35957445804        3443.76564938609        3685.36140540658     
   4.76686890100212        19.0670942640299        42.9006760909900     
   76.2676143818825        119.167909136707        171.601560355464     
   233.568568038154        305.068932184776        386.102652795330     
   476.669729869816        576.770163408235        686.403953410587     
   805.571099876870        934.271602807086        1072.50546220123     
   1220.27267805931        1377.57325038133        1544.40717916727     
   1720.77446441715        1906.67510613096        2102.10910430870     
   2307.07645895038        2521.57717005598        2745.61123762552     
   2979.17866165899        3222.27944215640        3474.91357911773     
   3737.08107254300        4008.78192243220        4290.01612878534     
   5.49879057808355        21.9947224200853        49.4877955282046     
   87.9780099024416        137.465365542796        197.949862449268     
   269.431500621858        351.910280060565        445.386200765390     
   549.859262736333        665.329465973393        791.796810476571     
   929.261296245866        1077.72292328128        1237.18169158281     
   1407.63760115046        1589.09065198422        1781.54084408411     
   1984.98817745011        2199.43265208223        2424.87426798046     
   2661.31302514482        2908.74892357529        3167.18196327188     
   3436.61214423458        3717.03946646341        4008.46392995835     
   4310.88553471941        4624.30428074659        4948.72016803988     
   6.29016342115313        25.1601504841188        56.6099611914131     
   100.639595543036        157.249053538987        226.438335179267     
   308.207440463876        402.556369392813        509.485121966078     
   628.993698183672        761.082098045595        905.750321551847     
   1062.99836870243        1232.82623949733        1415.23393393657     
   1610.22145202014        1817.78879374803        2037.93595912025     
   2270.66294813680        2515.96976079768        2773.85639710289     
   3044.32285705243        3327.36914064629        3622.99524788449     
   3931.20117876701        4251.98693329386        4585.35251146504     
   4931.29791328055        5289.82313874039        5660.92818784455     
   7.14000951819372        28.5594668862931        64.2583721071540     
   114.236725180776        178.494526107160        257.031774886306     
   349.848471518213        456.944616002882        578.320208340312     
   713.975248530504        863.909736573457        1028.12367246917     
   1206.61705621765        1399.38988781889        1606.44216727289     
   1827.77389457965        2063.38506973917        2313.27569275145     
   2577.44576361650        2855.89528233431        3148.62424890487     
   3455.63266332820        3776.92052560430        4112.48783573315     
   4462.33459371476        4826.46079954914        5204.86645323628     
   5597.55155477618        6004.51610416884        6425.76010141426     
