   105.410929062518        104.230930228683        103.459985562673     
   103.098095064489        103.145258734131        103.601476571598     
   104.466748576891        105.741074750009        107.424455090953     
   109.516889599722     
   104.576927280069        103.037447901047        102.381533214627     
   102.609183220808        103.720397919591        105.715177310975     
   108.593521394961        112.355430171548        117.000903640737     
   122.529941802527     
   103.591784259045        101.961360517574        102.108685805025     
   104.033760121398        107.736583466692        113.217155840908     
   120.475477244046        129.511547676105        140.325367137087     
   152.916935626990     
   102.556056350114        101.487735595225        103.794976418533     
   109.477778820038        118.536142799739        130.970068357638     
   146.779555493733        165.964604208026        188.525214500515     
   214.461386371201     
   101.640341042073        102.360055455256        109.159059247047     
   122.037352417448        140.994934966457        166.031806894074     
   197.147968200301        234.343418885136        277.618158948581     
   326.972188390633     
   101.090651244430        105.602587928434        120.535698853243     
   145.889984018858        181.665443425278        227.862077072504     
   284.479884960534        351.518867089371        428.979023459013     
   516.860354069460     
   101.229845349185        112.527937843936        140.894134442763     
   186.328435145666        248.830839952645        328.401348863701     
   425.039961878833        538.746678998041        669.521500221325     
   817.364425548685     
   102.456331439951        124.733885535698        173.832482745795     
   249.752123070242        352.492806509039        482.054533062185     
   638.437302729681        821.641115511528        1031.66597140772     
   1268.51187041827     
   105.241068708424        144.093456744500        223.556943463597     
   343.631528865716        504.317212950857        705.613995719019     
   947.521877170202        1230.04085730441        1553.17093612163     
   1916.91211362188     
   110.123319804227        172.740055159539        294.849939833074     
   476.452973824831        717.549157134812        1018.13848976302     
   1378.22097170944        1797.79660297409        2276.86538355697     
   2815.42731345806     
