   10.9926486322668        10.9853226182871        10.9780218107844     
   10.9707462097588        10.9634958152101        10.9562706271385     
   10.9490706455439        10.9418958704263        10.9347463017858     
   10.9276219396222        10.9205227839357        10.9134488347262     
   10.9064000919937        10.8993765557382        10.8923782259597     
   10.8854051026583        10.8784571858339        10.8715344754865     
   10.8646369716161        10.8577646742227        10.8509175833063     
   10.8440956988670        10.8372990209047        10.8305275494194     
   10.8237812844111        10.8170602258799        10.8103643738256     
   10.8036937282484        10.7970482891482        10.7904280565250     
   10.9474123704927        10.8960159446928        10.8458096589671     
   10.7967935133157        10.7489675077387        10.7023316422360     
   10.6568859168076        10.6126303314535        10.5695648861737     
   10.5276895809682        10.4870044158370        10.4475093907802     
   10.4092045057976        10.3720897608894        10.3361651560555     
   10.3014306912959        10.2678863666106        10.2355321819996     
   10.2043681374629        10.1743942330006        10.1456104686125     
   10.1180168442988        10.0916133600594        10.0664000158943     
   10.0423768118035        10.0195437477870        9.99790082384486     
   9.97744803997701        9.95818539618347        9.94011289246424     
   10.8733657579993        10.7526956410203        10.6379870568135     
   10.5292400053788        10.4264544867162        10.3296305008258     
   10.2387680477075        10.1538671273614        10.0749277397874     
   10.0019498849856        9.93493356295595        9.87387877369843     
   9.81878551721305        9.76965379349983        9.72648360255875     
   9.68927494438982        9.65802781899304        9.63274222636841     
   9.61341816651592        9.60005563943558        9.59265464512740     
   9.59121518359136        9.59573725482747        9.60622085883572     
   9.62266599561613        9.64507266516868        9.67344086749338     
   9.70777060259023        9.74806187045923        9.79431467110037     
   10.7814558005556        10.5775503801073        10.3882792215160     
   10.2136423247815        10.0536396899040        9.90827131688339     
   9.77753720571970        9.66143735641293        9.55997176896309     
   9.47314044337016        9.40094337963414        9.34338057775505     
   9.30045203773287        9.27215775956762        9.25849774325928     
   9.25947198880786        9.27508049621336        9.30532326547578     
   9.35020029659512        9.40971158957137        9.48385714440455     
   9.57263696109464        9.67605103964166        9.79409938004559     
   9.92678198230643        10.0740988464242        10.2360499723989     
   10.4126353602305        10.6038550099190        10.8097089214645     
   10.6725093560894        10.3716552833720        10.0974309658685     
   9.84983640357884        9.62887159650304        9.43453654464109     
   9.26683124799299        9.12575570655874        9.01130992033834     
   8.92349388933179        8.86230761353910        8.82775109296025     
   8.81982432759526        8.83852731744412        8.88386006250683     
   8.95582256278339        9.05441481827380        9.17963682897806     
   9.33148859489617        9.50997011602813        9.71508139237395     
   9.94682242393362        10.2051932107071        10.4901937526945     
   10.8018240498957        11.1400841023108        11.5049739099397     
   11.8964934727825        12.3146427908391        12.7594218641096     
   10.5446937507777        10.1312652764744        9.75970505246465     
   9.43001307874858        9.14218935532614        8.89623388219732     
   8.69214665936213        8.52992768682057        8.40957696457263     
   8.33109449261832        8.29448027095764        8.29973429959058     
   8.34685657851716        8.43584710773735        8.56670588725118     
   8.73943291705863        8.95402819715971        9.21049172755442     
   9.50882350824275        9.84902353922471        10.2310918205003     
   10.6550283520695        11.1208331339324        11.6285061660888     
   12.1780474485389        12.7694569812826        13.4027347643200     
   14.0778807976510        14.7948950812756        15.5537776151938     
   10.3957327929458        9.85228851855400        9.36965448361963     
   8.94783068814274        8.58681713212332        8.28661381556137     
   8.04722073845691        7.86863790080992        7.75086530262040     
   7.69390294388836        7.69775082461379        7.76240894479670     
   7.88787730443709        8.07415590353495        8.32124474209028     
   8.62914382010310        8.99785313757338        9.42737269450114     
   9.91770249088638        10.4688425267291        11.0807928020293     
   11.7535533167869        12.4871240710021        13.2815050646747     
   14.1366962978048        15.0526977703924        16.0295094824374     
   17.0671314339399        18.1655636248999        19.3248060553174     
   10.2232398675212        9.53076808078983        8.92256826219427     
   8.39864041173453        7.95898452941059        7.60360061522247     
   7.33248866917015        7.14564869125364        7.04308068147294     
   7.02478463982805        7.09076056631897        7.24100846094570     
   7.47552832370824        7.79432015460659        8.19738395364075     
   8.68471972081071        9.25632745611649        9.91220715955807     
   10.6523588311355        11.4767824708487        12.3854780786977     
   13.3784456546825        14.4556851988031        15.6171967110596     
   16.8629801914518        18.1930356399799        19.6073630566437     
   21.1059624414434        22.6888337943789        24.3559771154502     
   10.0248288237116        9.16301603031122        8.41454098338795     
   7.77940368294180        7.25760412897275        6.84914232148080     
   6.55401826046596        6.37223194592823        6.30378337786761     
   6.34867255628409        6.50689948117768        6.77846415254837     
   7.16336657039617        7.66160673472108        8.27318464552309     
   8.99810030280221        9.83635370655844        10.7879448567918     
   11.8528737535022        13.0311403966897        14.3227447863544     
   15.7276869224962        17.2459668051150        18.8775844342110     
   20.6225398097841        22.4808329318342        24.4524638003615     
   26.5374324153659        28.7357387768474        31.0473828848060     
   9.79831071573159        8.74601717317663        7.84309384532795     
   7.08954073218555        6.48535783374942        6.03054515001957     
   5.72510268099600        5.56903042667871        5.56232838706770     
   5.70499656216296        5.99703495196450        6.43844355647232     
   7.02922237568642        7.76937140960680        8.65889065823345     
   9.69778012156638        10.8860397996056        12.2236696923511     
   13.7106697998028        15.3470401219609        17.1327806588252     
   19.0678914103958        21.1523723766727        23.3862235576558     
   25.7694449533453        28.3020365637410        30.9839983888430     
   33.8153304286512        36.7960326831658        39.9261051523866     
   9.54195081989952        8.27800942909310        7.20814472641347     
   6.33235671186063        5.65064538543457        5.16301074713529     
   4.86945279696280        4.76997153491710        4.86456696099818     
   5.15323907520604        5.63598787754069        6.31281336800213     
   7.18371554659035        8.24869441330535        9.50774996814714     
   10.9608822111157        12.6080911422111        14.4493767614332     
   16.4847390687822        18.7141780642579        21.1376937478604     
   23.7552861195896        26.5669551794457        29.5727009274286     
   32.7725233635382        36.1664224877747        39.7543983001379     
   43.5364508006279        47.5125799892446        51.6827858659882     
   9.25471397674207        7.75906400811392        6.51301269310665     
   5.51656003172026        4.76970602395475        4.27245066981011     
   4.02479396928635        4.02673592238347        4.27827652910147     
   4.77941578944035        5.53015370340011        6.53049027098074     
   7.78042549218225        9.27995936700464        11.0290918954479     
   13.0278230775121        15.2761529131971        17.7740814025030     
   20.5216085454298        23.5187343419774        26.7654587921460     
   30.2617818959354        34.0077036533457        38.0032240643768     
   42.2483431290289        46.7430608473018        51.4873772191956     
   56.4812922447103        61.7248059238459        67.2179182566023     
   8.93644766499204        7.19154037092398        5.76523366156868     
   4.65752753692615        3.86842199699636        3.39791704177934     
   3.24601267127507        3.41270888548356        3.89800568440481     
   4.70190306803882        5.82440103638558        7.26549958944510     
   9.02519872721738        11.1034984497024        13.5003987569002     
   16.2158996488108        19.2500011254341        22.6027031867701     
   26.2740058328190        30.2639090635805        34.5724128790549     
   39.1995172792420        44.1452222641418        49.4095278337545     
   54.9924339880798        60.8939407271180        67.1140480508688     
   73.6527559593325        80.5100644525089        87.6859735303980     
   8.58798181127738        6.58035560716323        4.97706910486156     
   3.77812230437236        2.98351520569564        2.59324780883139     
   2.60732011377961        3.02573212054030        3.84848382911346     
   5.07557523949910        6.70700635169721        8.74277716570779     
   11.1828876815309        14.0273378991664        17.2761278186144     
   20.9292574398749        24.9867267629478        29.4485357878332     
   34.3146845145311        39.5851729430414        45.2600010733643     
   51.3391689054996        57.8226764394474        64.7105236752077     
   72.0027106127803        79.6992372521655        87.8001035933632     
   96.3053096363734        105.214855381196        114.528740827831     
   8.21114614155156        5.93305638752608        4.16566985492969     
   2.90898654376239        2.16300645402418        1.92772958571505     
   2.20315593883502        2.98928551338407        4.28611830936222     
   6.09365432676945        8.41189356560578        11.2408360258712     
   14.5804817075657        18.4308306106893        22.7918827352420     
   27.6636380812237        33.0460966486346        38.9392584374745     
   45.3431234477436        52.2576916794417        59.6829631325689     
   67.6189378071252        76.0656157031106        85.0229968205251     
   94.4910811593687        104.469868719641        114.959359501343     
   125.959553504474        137.470450729034        149.492051175023     
   7.80871798509898        5.25971168466367        3.35291085227558     
   2.08831548793471        1.46592559164106        1.48574116339463     
   2.14776220319541        3.45198871104342        5.39842068693864     
   7.98705813088109        11.2179010428708        15.0909494229076     
   19.6062032709917        24.7636625871230        30.5633273713016     
   37.0051976235274        44.0892733438003        51.8155545321205     
   60.1840411884879        69.1947333129026        78.8476309053644     
   89.1427339658734        100.080042494430        111.659556491033     
   123.881275955684        136.745200888382        150.251331289127     
   164.399667157920        179.190208494759        194.622955299646     
   7.38431824385912        4.57266033295394        2.56494591566064     
   1.36117499197923       0.961347561909706        1.36546362545207     
   2.57352318260631        4.58552623337244        7.40147277775045     
   11.0213628157404        15.4451963473421        20.6729733725558     
   26.7046938913814        33.5403579038188        41.1799654098681     
   49.6235164095293        58.8710109028024        68.9224488896874     
   79.7778303701843        91.4371553442930        103.900423812014     
   117.167635773346        131.238791228290        146.113890176847     
   161.792932619015        178.275918554795        195.562847984187     
   213.653720907191        232.548537323807        252.247297234034     
   6.94227358360296        3.88615373918620        1.83154929869039     
  0.778460262115533       0.726886629461635        1.67682840072869     
   3.62828557591671        6.58125815502568        10.5357461380556     
   15.4917495250065        21.4492683158783        28.4083025106711     
   36.3688521093849        45.3309171120196        55.2944975185752     
   66.2595933290519        78.2262045434494        91.1943311617680     
   105.163973184007        120.135130610168        136.107803440249     
   153.081991674252        171.057695312175        190.034914354019     
   210.013648799784        230.993898649471        252.975663903078     
   275.958944560606        299.943740622055        324.930052087425     
   6.48746091729045        3.21593401712916        1.18531664144420     
  0.395608790235566       0.846810463503260        2.53892166124729     
   5.47194238346764        9.64587263016432        15.0607124013373     
   21.7164616969867        29.6131205171124        38.7506888617144     
   49.1291667307927        60.7485541243473        73.6088510423783     
   87.7100574848857        103.052173451869        119.635198943329     
   137.459133959266        156.523978499678        176.829732564567     
   198.376396153932        221.163969267774        245.192451906092     
   270.461844068886        296.972145756157        324.723356967904     
   353.715477704127        383.948507964827        415.422447750003     
   6.02514727494783        2.57878386175764       0.660794981619502     
  0.271180634533418        1.40994082049938        4.07707553951741     
   8.27258479158748        13.9964685767096        21.2487268948838     
   30.0293597461100        40.3383671303883        52.1757490477186     
   65.5415054981010        80.4356364815355        96.8581419980219     
   114.809022047560        134.288276630151        155.295905745794     
   177.831909394488        201.896287576235        227.489040291034     
   254.610167538885        283.259669319788        313.437545633743     
   345.143796480750        378.378421860809        413.141421773920     
   449.432796220083        487.252545199298        526.600668711565     
   5.56083496205478        1.99207834024658       0.293602650640935     
  0.465407893237846        2.50749406803731        6.41986117503934     
   12.2025092142439        19.8554381856510        29.3786480892607     
   40.7721389250730        54.0359106930878        69.1699633933052     
   86.1742970257251        105.048911590348        125.793807087173     
   148.408983516200        172.894440877430        199.250179170863     
   227.476198396498        257.572498554336        289.539079644376     
   323.375941666619        359.083084621065        396.660508507713     
   436.108213326563        477.426199077616        520.614465760872     
   565.673013376330        612.601841923991        661.400951403854     
   5.10011891872131        1.47336176200429       0.119587804755213     
   1.03879704697408        4.23098948866089        9.69616512981565     
   17.4343239704384        27.4454660105290        39.7295912500876     
   54.2866996891141        71.1167913276087        90.2198661655711     
   111.595924203001        135.244965439900        161.166989876266     
   189.361997512100        219.829988347402        252.570962382172     
   287.584919616411        324.871860050116        364.431783683290     
   406.264690515932        450.370580548042        496.749453779620     
   545.401310210666        596.326149841179        649.523972671161     
   704.994778700610        762.738567929528        822.755340357913     
   4.64856061100495        1.03996584301380       0.174061242877613     
   2.05084681059638        6.67032254617010        14.0324884495988     
   24.1373445208824        36.9848907600210        52.5751271670146     
   70.9080537418631        91.9836704845666        115.801977395125     
   142.362974473538        171.666661719807        203.713039133930     
   238.502106715908        276.033864465742        316.308312383430     
   359.325450468973        405.085278722371        453.587797143624     
   504.833005732732        558.820904489695        615.551493414513     
   675.024772507186        737.240741767714        802.199401196096     
   869.900750792334        940.344790556427        1013.53152048837     
   4.21158069165399       0.708679118530053       0.491126661466175     
   3.55892332046236        9.91206909551858        19.5505639866349     
   32.4744079938112        48.6836011170476        68.1781433563441     
   90.9580347117006        117.023275183117        146.373864770594     
   179.009803474131        214.931091293727        254.137728229384     
   296.629714281101        342.407049448878        391.469733732715     
   443.817767132612        499.451149648569        558.369881280586     
   620.573962028663        686.063391892801        754.838170872998     
   826.898298969255        902.243776181573        980.874602509950     
   1062.79077795439        1147.99230251489        1236.47917619144     
   3.79437106158863       0.495472320256170        1.10312060083583     
   5.61731590332761        14.0380582277315        26.3653475740475     
   42.5991839422756        62.7395673324159        86.7864977444682     
   114.739975178433        146.599999634309        182.366571112098     
   222.039689611799        265.619355133412        313.105567676937     
   364.498327242374        419.797633829724        479.003487438985     
   542.115888070158        609.134835723244        680.060330398242     
   754.892372095151        833.630960813974        916.276096554708     
   1002.82777931735        1093.28600910191        1187.65078590838     
   1285.92210973677        1388.09998058706        1494.18439845927     
   3.40182580266628       0.415280338052023        2.04016553140590     
   8.27648138272790        19.1242278920180        34.5834050592763     
   54.6540128845027        79.3360513676973        108.629520508860     
   142.534420307991        181.050750765090        224.178511880157     
   271.917703653192        324.268326084195        381.230379173167     
   442.803862920107        508.988777325014        579.785122387890     
   655.192898108734        735.212104487546        819.842741524326     
   909.084809219075        1002.93830757179        1101.40323658248     
   1204.47959625113        1312.16738657775        1424.46660756234     
   1541.37725920490        1662.89934150542        1789.03285446391     
   3.03848967168066       0.481838398397080        3.32983290666942     
   11.5824731964977        25.2397592678818        44.3016911208219     
   68.7682687553180        98.6394921713699        133.915361368978     
   174.595876348142        220.681037108861        272.170843651137     
   329.065295974968        391.364394080356        459.068137967299     
   532.176527635798        610.689563085854        694.607244317465     
   783.929571330632        878.656544125355        978.788162701634     
   1084.32442705947        1195.26533719886        1311.61089311981     
   1433.36109482231        1560.51594230637        1693.07543557198     
   1831.03957461915        1974.40835944788        2123.18179005816     
   2.70852237267726       0.707568087198433        4.99690841438136     
   15.5765433542260        32.4464729067324        55.6066970719006     
   85.0572158497306        120.798029240222        162.829137243376     
   211.150539859191        265.762237087668        326.664228928807     
   393.856515382607        467.339096449069        547.111972128193     
   633.175142419979        725.528607324427        824.172366841535     
   929.106420971307        1040.33076971374        1157.84541306883     
   1281.65035103659        1411.74558361701        1548.13111081009     
   1690.80693261583        1839.77304903423        1995.02946006530     
   2156.57616570902        2324.41316596541        2498.54046083446     
   2.41567658905837        1.10350765474164        7.06324879491452     
   20.2949000095770        40.7984612987291        68.5739326623708     
   103.621314100502        145.940605613123        195.531807200233     
   252.394918861834        316.529940597923        387.936872408503     
   466.615714293572        552.566466253130        645.789128287178     
   746.283700395716        854.050182578743        969.088574836260     
   1091.39887716827        1220.98108957476        1357.83521205575     
   1501.96124461122        1653.35918724119        1812.02903994564     
   1977.97080272459        2151.18447557802        2331.67005850594     
   2519.42755150836        2714.45695458526        2916.75826773665     
   2.16328769555344        1.67928048780056        9.54771812158146     
   25.7686005968961        50.3419279137446        83.2677000721269     
   124.545917072043        174.176578913493        232.159685596476     
   298.495237120994        373.183233487045        456.223674694630     
   547.616560743749        647.361891634401        755.459667366587     
   871.909887940308        996.712553355562        1129.86766361235     
   1271.37521871067        1421.23521865053        1579.44766343191     
   1746.01255305484        1920.92988751929        2104.19966682528     
   2295.82189097281        2495.79655996187        2704.12367379246     
   2920.80323246458        3145.83523597824        3379.21968433344     
