   116.652082604973        115.443611200013        114.374571608922     
   113.444963831701        112.654787868349        112.004043718866     
   111.492731383253        111.120850861509        110.888402153634     
   110.795385259628     
   116.033256500492        114.287679262360        112.763247512638     
   111.459961251327        110.377820478427        109.516825193936     
   108.876975397857        108.458271090187        108.260712270928     
   108.284298940080     
   115.191982473954        112.749524916493        110.672597420072     
   108.961199984692        107.615332610352        106.634995297052     
   106.020188044793        105.770910853574        105.887163723396     
   106.368946654258     
   114.096615172714        110.823890485004        108.181783750321     
   106.170294968666        104.789424140039        104.039171264439     
   103.919536341867        104.430519372322        105.572120355806     
   107.344339292317     
   112.741942813578        108.596525997618        105.563691409161     
   103.643439048208        102.835768914758        103.140681008812     
   104.558175330370        107.088251879431        110.730910655996     
   115.486151660065     
   111.158118763900        106.272808929848        103.343992297247     
   102.371668866099        103.355838636404        106.296501608161     
   111.193657781371        118.047307156033        126.857449732148     
   137.624085509715     
   109.416230890621        104.196904549427        102.341918317887     
   103.851272195998        108.724966183763        116.963000281180     
   128.565374488249        143.532088804971        161.863143231346     
   183.558537767373     
   107.630376869509        102.860015893133        103.688785380025     
   110.116685330185        122.143715743614        139.769876620311     
   162.995167960276        191.819589763509        226.243142030011     
   266.265824759781     
   105.956598261049        102.898089964718        108.824309754552     
   123.735257630552        147.630933592718        180.511337641049     
   222.376469775546        273.226329996209        333.060918303037     
   401.880234696030     
   104.589283989188        105.080528105349        119.473528733883     
   147.768285874790        189.964799528068        246.063069693720     
   316.063096371743        399.964879562139        497.768419264907     
   609.473715480048     
