   104.849387522553        103.929547407546        103.240466995168     
   102.782146285422        102.554585278306        102.557783973821     
   102.791742371967        103.256460472743        103.951938276150     
   104.878175782188     
   104.167209175383        102.900797421666        102.200743579336     
   102.067047648391        102.499709628833        103.498729520661     
   105.064107323874        107.195843038474        109.893936664460     
   113.158388201832     
   103.367837365334        101.937015466663        101.707501976082     
   102.679296893592        104.852400219192        108.226811952882     
   112.802532094662        118.579560644532        125.557897602492     
   133.737542968543     
   102.522283820134        101.337155698941        102.444569396896     
   105.844524914000        111.537022250252        119.522061405654     
   129.799642380204        142.369765173903        157.232429786751     
   174.387636218748     
   101.727363833667        101.488593432405        105.283625901265     
   113.112461240248        124.975099449352        140.871540528579     
   160.801784477928        184.765831297399        212.763680986992     
   244.795333546707     
   101.101813340001        102.855282443342        111.260325070777     
   126.316941222307        148.025130897932        176.384894097652     
   211.396230821467        253.059141069376        301.373624841381     
   356.339682137480     
   100.782130528599        105.963935703271        121.545311347991     
   147.526257462758        183.906774047573        230.686861102435     
   287.866518627344        355.445746622301        433.424545087305     
   521.802914022357     
   100.918695219991        111.390613117992        137.415625115990     
   178.993731213988        236.124931411984        308.809225709979     
   397.046614107973        500.837096605965        620.180673203956     
   755.077343901945     
   101.672370547264        119.748778423970        160.229068334846     
   223.113240279891        308.401294259105        416.093230272490     
   546.189048320043        698.688748401766        873.592330517659     
   1070.89979466772     
   103.211518871341        131.678725618687        191.401436079985     
   282.379650255237        404.613368144441        558.102589747599     
   742.847315064710        958.847544095774        1206.10327684079     
   1484.61451329976     
