   10.9968667431476        10.9937381718569        10.9906142234178     
   10.9874948978303        10.9843801950944        10.9812701152101     
   10.9781646581774        10.9750638239963        10.9719676126668     
   10.9688760241889        10.9657890585626        10.9627067157879     
   10.9596289958648        10.9565558987933        10.9534874245734     
   10.9504235732051        10.9473643446884        10.9443097390233     
   10.9412597562098        10.9382143962479        10.9351736591376     
   10.9321375448789        10.9291060534718        10.9260791849163     
   10.9230569392124        10.9200393163601        10.9170263163594     
   10.9140179392103        10.9110141849128        10.9080150534669     
   10.9776560314123        10.9555305588114        10.9336231331466     
   10.9119337544177        10.8904624226249        10.8692091377680     
   10.8481738998472        10.8273567088624        10.8067575648135     
   10.7863764677007        10.7662134175238        10.7462684142829     
   10.7265414579781        10.7070325486092        10.6877416861764     
   10.6686688706795        10.6498141021187        10.6311773804938     
   10.6127587058049        10.5945580780521        10.5765754972352     
   10.5588109633543        10.5412644764095        10.5239360364006     
   10.5068256433277        10.4899332971909        10.4732589979900     
   10.4568027457251        10.4405645403962        10.4245443820033     
   10.9466728639743        10.8944346798009        10.8432843700797     
   10.7932219348105        10.7442473739936        10.6963606876287     
   10.6495618757160        10.6038509382555        10.5592278752471     
   10.5156926866908        10.4732453725867        10.4318859329347     
   10.3916143677349        10.3524306769872        10.3143348606917     
   10.2773269188483        10.2414068514570        10.2065746585179     
   10.1728303400309        10.1401738959961        10.1086053264134     
   10.0781246312828        10.0487318106044        10.0204268643781     
   9.99320979260401        9.96708059528203        9.94203927241219     
   9.91808582399449        9.89522025002894        9.87344255051553     
   10.9094042950336        10.8214549559900        10.7361501445462     
   10.6534898607020        10.5734741044575        10.4961028758127     
   10.4213761747676        10.3492940013222        10.2798563554765     
   10.2130632372304        10.1489146465841        10.0874105835374     
   10.0285510480905        9.97233604024323        9.91876555999566     
   9.86783960734777        9.81955818229959        9.77392128485109     
   9.73092891500228        9.69058107275317        9.65287775810374     
   9.61781897105401        9.58540471160397        9.55563497975362     
   9.52850977550296        9.50402909885200        9.48219294980072     
   9.46300132834914        9.44645423449725        9.43255166824505     
   10.8668609771714        10.7384528871049        10.6147730197912     
   10.4958213752301        10.3815979534218        10.2721027543662     
   10.1673357780632        10.0672970245130        9.97198649371552     
   9.88140418567072        9.79555010037864        9.71442423783926     
   9.63802659805260        9.56635718101864        9.49941598673739     
   9.43720301520885        9.37971826643302        9.32696174040989     
   9.27893343713948        9.23563335662178        9.19706149885678     
   9.16321786384450        9.13410245158492        9.10971526207805     
   9.09005629532389        9.07512555132244        9.06492303007370     
   9.05944873157767        9.05870265583435        9.06268480284373     
   10.8185126933297        10.6442730690567        10.4772774250676     
   10.3175257613623        10.1650180779410        10.0197543748035     
   9.88173465194988        9.75095890938018        9.62742714709436     
   9.51113936509242        9.40209556337438        9.30029574194022     
   9.20573990078994        9.11842803992355        9.03836015934105     
   8.96553625904244        8.89995633902771        8.84162039929686     
   8.79052843984991        8.74668046068684        8.71007646180766     
   8.68071644321236        8.65860040490095        8.64372834687343     
   8.63610026912979        8.63571617167004        8.64257605449418     
   8.65667991760220        8.67802776099411        8.70661958466991     
   10.7632673193362        10.5367190502268        10.3203503563173     
   10.1141612376076        9.91815169409768        9.73232172578759     
   9.55667133267733        9.39120051476687        9.23590927205624     
   9.09079760454541        8.95586551223441        8.83111299512322     
   8.71654005321184        8.61214668650029        8.51793289498854     
   8.43389867867662        8.36004403756450        8.29636897165221     
   8.24287348093973        8.19955756542706        8.16642122511421     
   8.14346446000118        8.13068727008796        8.12808965537456     
   8.13567161586097        8.15343315154720        8.18137426243324     
   8.21949494851910        8.26779520980478        8.32627504629027     
   10.6996887482932        10.4129648669412        10.1398222140267     
   9.88026078954982        9.63428059351048        9.40188162590869     
   9.18306388674446        8.97782737601779        8.78617209372869     
   8.60809803987713        8.44360521446314        8.29269361748671     
   8.15536324894784        8.03161410884653        7.92144619718278     
   7.82485951395658        7.74185405916795        7.67242983281687     
   7.61658683490335        7.57432506542740        7.54564452438900     
   7.53054521178816        7.52902712762488        7.54109027189916     
   7.56673464461100        7.60596024576040        7.65876707534736     
   7.72515513337188        7.80512441983396        7.89867493473359     
   10.6261089041219        10.2697703964322        9.93097682380920     
   9.60972818625293        9.30602448376338        9.01986571634054     
   8.75125188398442        8.50018298669501        8.26665902447232     
   8.05067999731635        7.85224590522708        7.67135674820454     
   7.50801252624870        7.36221323935959        7.23395888753718     
   7.12324947078150        7.03008498909252        6.95446544247026     
   6.89639083091472        6.85586115442589        6.83287641300378     
   6.82743660664838        6.83954173535969        6.86919179913772     
   6.91638679798247        6.98112673189393        7.06341160087211     
   7.16324140491700        7.28061614402860        7.41553581820692     
   10.5407714511809        10.1037782715528        9.68901105446863     
   9.29646979992854        8.92615450793247        8.57806517848043     
   8.25220181157242        7.94856440720843        7.66715296538847     
   7.40796748611254        7.17100796938064        6.95627441519276     
   6.76376682354891        6.59348519444909        6.44542952789330     
   6.31959982388153        6.21599608241379        6.13461830349008     
   6.07546648711040        6.03854063327474        6.02384074198311     
   6.03136681323551        6.06111884703194        6.11309684337239     
   6.18730080225687        6.28373072368538        6.40238660765792     
   6.54326845417448        6.70637626323507        6.89171003483969     
   10.4420006721966        9.91187416844867        9.40960905037898     
   8.93520531798752        8.48866297127429        8.06998201023930     
   7.67916243488255        7.31620424520404        6.98110744120376     
   6.67387202288172        6.39449799023791        6.14298534327234     
   5.91933408198501        5.72354420637591        5.55561571644506     
   5.41554861219243        5.30334289361805        5.21899856072190     
   5.16251561350398        5.13389405196431        5.13313387610287     
   5.16023508591967        5.21519768141470        5.29802166258797     
   5.40870702943948        5.54725378196922        5.71366192017720     
   5.90793144406342        6.13006235362787        6.38005464887056     
   10.3283616864295        9.69153776358044        9.08951445094905     
   8.52229174853534        7.98986965633932        7.49224817436098     
   7.02942730260032        6.60140704105735        6.20818738973206     
   5.84976834862446        5.52614991773453        5.23733209706230     
   4.98331488660774        4.76409828637088        4.57968229635169     
   4.43006691655019        4.31525214696637        4.23523798760024     
   4.19002443845179        4.17961149952102        4.20399917080794     
   4.26318745231254        4.35717634403482        4.48596584597479     
   4.64955595813245        4.84794668050778        5.08113801310080     
   5.34912995591151        5.65192250893989        5.98951567218597     
   10.1987857185272        9.44112650106738        8.72700588826928     
   8.05642388013291        7.42938047665829        6.84587567784541     
   6.30590948369427        5.80948189420487        5.35659290937721     
   4.94724252921129        4.58143075370710        4.25915758286466     
   3.98042301668396        3.74522705516500        3.55356969830778     
   3.40545094611230        3.30087079857856        3.23982925570656     
   3.22232631749629        3.24836198394777        3.31793625506099     
   3.43104913083595        3.58770061127265        3.78789069637109     
   4.03161938613127        4.31888668055319        4.64969257963685     
   5.02403708338225        5.44192019178939        5.90334190485827     
   10.0526488733660        9.16006343573818        8.32222419301107     
   7.53913114518466        6.81078429225893        6.13718363423389     
   5.51832917110954        4.95422090288588        4.44485882956290     
   3.99024295114061        3.59037326761901        3.24524977899810     
   2.95487248527787        2.71924138645834        2.53835648253949     
   2.41221777352133        2.34082525940386        2.32417894018707     
   2.36227881587098        2.45512488645557        2.60271715194085     
   2.80505561232682        3.06214026761347        3.37397111780082     
   3.74054816288885        4.16187140287756        4.63794083776697     
   5.16875646755707        5.75431829224785        6.39462631183932     
   9.88980477672376        8.84892466703936        7.87733677456420     
   6.97504109929831        6.14203764124167        5.37832640039430     
   4.68390737675618        4.05878057032731        3.50294598110771     
   3.01640360909736        2.59915345429627        2.25119551670444     
   1.97252979632187        1.76315629314856        1.62307500718450     
   1.55228593842970        1.55078908688416        1.61858445254788     
   1.75567203542085        1.96205183550308        2.23772385279457     
   2.58268808729532        2.99694453900533        3.48049320792459     
   4.03333409405311        4.65546719739089        5.34689251793793     
   6.10761005569423        6.93761981065978        7.83692178283459     
   9.71057826583312        8.50943698097757        7.39654947497664     
   6.37191574783033        5.43553579953864        4.58740963010156     
   3.82753723951911        3.15591862779127        2.57255379491806     
   2.07744274089946        1.67058546573548        1.35198196942612     
   1.12163225197138       0.979536313371260       0.925694153625758     
  0.960105772734874        1.08277117069861        1.29369034751696     
   1.59286330318994        1.98029003771753        2.45597055109974     
   3.01990484333657        3.67209291442802        4.41253476437409     
   5.24123039317477        6.15817980083008        7.16338298734001     
   8.25683995270455        9.43855069692371        10.7085152199975     
   9.51572995230201        8.14440365008044        6.88599027939871     
   5.74048984025682        4.70790233265478        3.78822775659257     
   2.98146611207021        2.28761739908770        1.70668161764502     
   1.23865876774219       0.883548849379201       0.641351862556055     
  0.512067807272752       0.495696683529291       0.592238491325672     
  0.801693230661896        1.12406090153796        1.55934150395387     
   2.10753503790963        2.76864150340521        3.54266090044066     
   4.42959322901593        5.42943848913106        6.54219668078603     
   7.76786780398083        9.10645185871548        10.5579488449900     
   12.1223587628043        13.7996816121585        15.5899173930525     
   9.30640150729387        7.75757846276338        6.35349554771478     
   5.09415276214810        3.97955010606331        3.00968757946044     
   2.18456518233946        1.50418291470040       0.968540776543235     
  0.577638767867978       0.331476888674626       0.230055138963179     
  0.273373518733638       0.461432027986001       0.794230666720270     
   1.27176943493645        1.89404833263452        2.66106735981451     
   3.57282651647640        4.62932580262019        5.83056521824589     
   7.17654476335349        8.66726443794300        10.3027242420144     
   12.0829241755677        14.0078642386030        16.0775444311201     
   18.2919647531191        20.6511252046001        23.1550257855629     
   9.08405023157418        7.35350710358497        5.80833044413870     
   4.44852025323537        3.27407653087496        2.28499927705749     
   1.48128849178294       0.862944175051332       0.429966326862653     
  0.182354947216904       0.120110036114088       0.243231593554204     
  0.551719619537251        1.04557411406323        1.72479507713214     
   2.58938250874398        3.63933640889876        4.87465677759646     
   6.29534361483710        7.90139692062066        9.69281669494717     
   11.6696029378166        13.8317556492290        16.1792748291843     
   18.7121604776825        21.4304125947236        24.3340311803077     
   27.4230162344348        30.6973677571047        34.1570857483176     
   8.85037970456550        6.93735244879822        5.26087287567525     
   3.82094098519661        2.61755677736228        1.65072025217226     
  0.920431409626568       0.426690249725190       0.169496772468128     
  0.148850977855383       0.364752865886955       0.817202436562844     
   1.50619968988305        2.43174462584757        3.59383724445641     
   4.99247754570957        6.62766552960704        8.49940119614884     
   10.6076845453349        12.9525155771654        15.5338942916401     
   18.3518206887592        21.4062947685225        24.6973165309302     
   28.2248859759822        31.9890031036786        35.9896679140192     
   40.2268804070042        44.7006405826334        49.4109484409070     
   8.60727151771251        6.51471711078105        4.72228592436083     
   3.22997795845187        2.03779321305414        1.14573168816767     
  0.553793383792438       0.261978299928454       0.270286436575716     
  0.578717793734225        1.18727237140398        2.09595016958498     
   3.30475118827723        4.81367542748072        6.62272288719546     
   8.73189356742146        11.1411874681587        13.8506045894072     
   16.8601449311669        20.1698084934378        23.7795952762201     
   27.6895052795135        31.8995385033182        36.4096949476342     
   41.2199746124614        46.3303774977999        51.7409036036496     
   57.4515529300105        63.4623254768827        69.7732212442661     
   8.35672150877774        6.09147323830100        4.20419854432146     
   2.69489742683912        1.56356988585400       0.810215921366085     
  0.434835533375377       0.437428721881878       0.817995486885586     
   1.57653582838650        2.71304974638463        4.22753724087996     
   6.11999831187250        8.39043295936225        11.0388411833492     
   14.0652229838334        17.4695783608148        21.2519073142933     
   25.4122098442691        29.9504859507421        34.8667356337123     
   40.1609588931797        45.8331557291443        51.8833261416062     
   58.3114701305652        65.1175876960215        72.3016788379749     
   79.8637435564256        87.8037818513735        96.1217937228185     
   8.10078260769155        5.67360650029225        3.71840897482811     
   2.23519003129913        1.22394966970530       0.684687890046625     
  0.617404692323105        1.02210007653474        1.89877404268153     
   3.24742659076348        5.06805772078058        7.36066743273284     
   10.1252557266203        13.3618226024428        17.0703680602005     
   21.2508920998934        25.9033947215215        31.0278759250846     
   36.6243357105830        42.6927740780164        49.2331910273851     
   56.2455865586889        63.7299606719279        71.6863133671020     
   80.1146446442113        89.0149545032557        98.3872429442353     
   108.231509967150        118.547755572000        129.335979758785     
   7.84151539063211        5.26707853223327        3.27662041658724     
   1.87014104369402        1.04764041355361       0.809118526165995     
   1.15457538153119        2.08401097964919        3.59742532052000     
   5.69481840414362        8.37619023052004        11.6415407996493     
   15.4908701115313        19.9241781661661        24.9414649635538     
   30.5427305036943        36.7279747865875        43.4971978122336     
   50.8503995806324        58.7875800917841        67.3087393456886     
   76.4138773423459        86.1029940817560        96.3760895639189     
   107.233163788835        118.674216756503        130.699248466924     
   143.308258920099        156.501248116026        170.278216054705     
   7.58094669097862        4.87770997963941        2.89021432887318     
   1.61845973867991        1.06244620905962        1.22217374001231     
   2.09764233153796        3.68885198363659        5.99580269630819     
   9.01849446955277        12.7569273033703        17.2111011977608     
   22.3810161527243        28.2666721682608        34.8680692443702     
   42.1852073810527        50.2180865783080        58.9667068361364     
   68.4310681545377        78.6111705335120        89.5070139730593     
   101.118598473180        113.445924033873        126.488990655139     
   140.247798336978        154.722347079390        169.912636882375     
   185.818667745934        202.440439670065        219.777952654769     
   7.32103609294697        4.51108463275744        2.57006335232301     
   1.49797225164370        1.29481133071949        1.96058058955040     
   3.49528002813641        5.89890964647754        9.17146944457377     
   13.3129594224251        18.3233795800316        24.2027299173931     
   30.9510104345098        38.5682211313816        47.0543620080085     
   56.4094330643905        66.6334343005276        77.7263657164198     
   89.6882273120671        102.519019087470        116.218741042627     
   130.787393177540        146.224975492208        162.531487986630     
   179.706930660808        197.751303514741        216.664606548430     
   236.446839761873        257.098003155071        278.618096728025     
   7.06364979207238        4.17247396568910        2.32638334456846     
   1.52537792871045        1.76945771811507        3.05862271278234     
   5.39287291271223        8.77220831790476        13.1966289283599     
   18.6661347440777        25.1807257650582        32.7404019913013     
   41.3451634228070        50.9950100595753        61.6899419016063     
   73.4299589488999        86.2150612014562        100.045248659275     
   114.920521322357        130.840879190701        147.806322264307     
   165.816850543177        184.872464027309        204.973162716704     
   226.118946611361        248.309815711281        271.545770016464     
   295.826809526909        321.152934242617        347.524144163587     
   6.81054110478596        3.86678060420790        2.16862225474218     
   1.71606605638877        2.50911200914769        4.54776011301894     
   7.83201036800251        12.3618627740984        18.1373173313066     
   25.1583740396272        33.4250328990600        42.9372939096052     
   53.6951570712628        65.6986223840326        78.9476898479147     
   93.4423594629093        109.182631229016        126.168505146235     
   144.399981214567        163.877059434010        184.599739804567     
   206.568022326235        229.781906999016        254.241393822909     
   279.946482797914        306.897173924032        335.093467201262     
   364.535362629604        395.222860209059        427.155959939626     
   6.56333681092636        3.59849877402515        2.10538244059018     
   2.08398781062145        3.53431488411895        6.45636366108270     
   10.8501341415127        16.7156263254089        24.0528402127714     
   32.8617758036001        43.1424330978950        54.8948120956562     
   68.1189127968837        82.8147352015773        98.9822793097372     
   116.621545121363        135.732532636456        156.315241855014     
   178.369672777039        201.895825402530        226.893699731488     
   253.363295763911        281.304613499801        310.717652939157     
   341.602414081979        373.958896928268        407.787101478023     
   443.087027731244        479.858675687931        518.102045348084     
   6.32352848813295        3.37168955201590        2.14437241887112     
   2.64157708869862        4.86330356149839        8.80955183727044     
   14.4803219160148        21.8756137977314        30.9954274824202     
   41.8397629700814        54.4086202607148        68.7019993543205     
   84.7199002508985        102.462322950449        121.929267452971     
   143.120733758466        166.036721866933        190.677231778373     
   217.042263492784        245.131817010168        274.945892330524     
   306.484489453853        339.747608380153        374.735249109426     
   411.447411641671        449.884095976889        490.045302115079     
   531.931030056241        575.541279800375        620.876051347482     
