   103.887593159841        103.567279482796        103.089765503432     
   102.539561887351        102.034983431181        101.728149062573     
   101.804981840203        102.485208953773        104.022361724008     
   106.703775602657     
   103.826316711219        103.336702181718        102.625440637429     
   101.849672035892        101.229392066245        101.047452149216     
   101.649559437130        103.444276813904        106.903022895051     
   112.560072027675     
   103.734027362227        102.997781674121        101.976245845141     
   100.977723902291        100.433840990091        100.899543370578     
   103.053098423305        107.696094645344        115.753441651283     
   128.273370173226     
   103.595792193019        102.515910156122        101.158525555353     
   100.187256064544        100.531165365279        103.384763146890     
   110.208005106458        122.726292948815        142.930474386540     
   173.076843139963     
   103.396590309854        101.900381206691        100.453350764220     
   100.625458252179        104.614644136282        115.246830078213     
   135.975918935625        170.883794762147        224.680322807376     
   302.703349516882     
   103.128621001990        101.291582884412        100.820054400608     
   105.599306445623        121.068712056111        154.221746410338     
   213.605986828176        309.323112771109        453.028905842231     
   657.933249786242     
   102.801187640977        101.087799812134        104.508783912710     
   122.479027168736        168.179356632890        258.556539184505     
   414.323281529566        659.958230200708        1023.70597155722     
   1537.57703178504     
   102.451021147657        102.086575651739        115.753822348346     
   164.864635533187        279.395604961396        497.888035847531     
   867.447948865570        1443.74608014891        2291.01788129039     
   3482.06351934223     
   102.150728291668        105.606509649513        141.377641508312     
   254.481166214830        507.940871027556        982.787288116707     
   1778.05769456422        3010.79611236378        4816.05330842075     
   7346.88679455228     
   102.013654930348        113.561023922050        191.160556032505     
   422.342766277510        929.650235630919        1870.63761102464     
   3437.87160534864        5858.93099745094        9396.40663213762     
   14347.9014201728     
