   3.99999421825117        3.99998843663074        3.99998265502307     
   3.99997687342815        3.99997109184600        3.99996531027662     
   3.99995952871999        3.99995374717612        3.99994796564502     
   3.99994218412667        3.99993640262109        3.99993062112827     
   3.99992483964821        3.99991905818091        3.99991327672637     
   3.99990749528460        3.99990171385558        3.99989593243933     
   3.99989015103584        3.99988436964511        3.99987858826714     
   3.99987280690193        3.99986702554948        3.99986124420980     
   3.99985546288287        3.99984968156871        3.99984390026731     
   3.99983811897867        3.99983233770279        3.99982655643967     
   3.99979277185514        3.99958556364993        3.99937837123972     
   3.99917119462452        3.99896403380433        3.99875688877915     
   3.99854975954897        3.99834264611380        3.99813554847364     
   3.99792846662849        3.99772140057834        3.99751435032321     
   3.99730731586308        3.99710029719795        3.99689329432784     
   3.99668630725273        3.99647933597264        3.99627238048754     
   3.99606544079746        3.99585851690238        3.99565160880231     
   3.99544471649725        3.99523783998720        3.99503097927216     
   3.99482413435212        3.99461730522709        3.99441049189707     
   3.99420369436205        3.99399691262204        3.99379014667704     
   3.99834611126020        3.99669320807134        3.99504125734680     
   3.99339025908656        3.99174021329063        3.99009111995902     
   3.98844297909171        3.98679579068871        3.98514955475002     
   3.98350427127564        3.98185994026557        3.98021656171981     
   3.97857413563836        3.97693266202122        3.97529214086839     
   3.97365257217986        3.97201395595565        3.97037629219574     
   3.96873958090015        3.96710382206887        3.96546901570189     
   3.96383516179922        3.96220226036087        3.96057031138682     
   3.95893931487708        3.95730927083165        3.95568017925054     
   3.95405204013373        3.95242485348123        3.95079861929304     
   3.99314356619040        3.98630245907020        3.97947654136156     
   3.97266581306449        3.96587027417899        3.95908992470505     
   3.95232476464268        3.94557479399188        3.93884001275265     
   3.93212042092498        3.92541601850887        3.91872680550434     
   3.91205278191137        3.90539394772997        3.89875030296013     
   3.89212184760186        3.88550858165516        3.87891050512003     
   3.87232761799646        3.86575992028445        3.85920741198402     
   3.85267009309515        3.84614796361785        3.83964102355212     
   3.83314927289795        3.82667271165535        3.82021133982431     
   3.81376515740485        3.80733416439694        3.80091836080061     
   3.98049619396160        3.96110496826331        3.94182593171490     
   3.92265908431638        3.90360442606775        3.88466195696900     
   3.86583167702015        3.84711358622118        3.82850768457210     
   3.81001397207291        3.79163244872360        3.77336311452419     
   3.75520596947466        3.73716101357502        3.71922824682527     
   3.70140766922541        3.68369928077543        3.66610308147535     
   3.64861907132515        3.63124725032484        3.61398761847441     
   3.59684017577388        3.57980492222323        3.56288185782248     
   3.54607098257161        3.52937229647063        3.51278579951953     
   3.49631149171833        3.47994937306701        3.46369944356558     
   3.95637875251230        3.91326599043010        3.87066083626983     
   3.82856329003149        3.78697335171507        3.74589102132058     
   3.70531629884802        3.66524918429739        3.62568967766868     
   3.58663777896190        3.54809348817705        3.51005680531413     
   3.47252773037313        3.43550626335406        3.39899240425691     
   3.36298615308170        3.32748750982841        3.29249647449705     
   3.25801304708761        3.22403722760010        3.19056901603452     
   3.15760841239087        3.12515541666914        3.09321002886935     
   3.06177224899147        3.03084207703553        3.00041951300151     
   2.97050455688942        2.94109720869926        2.91219746843102     
   3.91708924901982        3.83583657117847        3.75624029173010     
   3.67830041067473        3.60201692801234        3.52738984374293     
   3.45441915786651        3.38310487038308        3.31344698129264     
   3.24544549059518        3.17910039829072        3.11441170437923     
   3.05137940886074        2.99000351173523        2.93028401300271     
   2.87222091266317        2.81581421071663        2.76106390716307     
   2.70797000200249        2.65653249523491        2.60675138686031     
   2.55862667687869        2.51215836529007        2.46734645209443     
   2.42419093729178        2.38269182088212        2.34284910286544     
   2.30466278324175        2.26813286201104        2.23325933917333     
   3.85956780395997        3.72345231629363        3.59165068527466     
   3.46416291090307        3.34098899317885        3.22212893210200     
   3.10758272767252        2.99735037989042        2.89143188875569     
   2.78982725426833        2.69253647642835        2.59955955523574     
   2.51089649069050        2.42654728279264        2.34651193154215     
   2.27079043693903        2.19938279898329        2.13228901767492     
   2.06950909301392        2.01104302500030        1.95689081363404     
   1.90705245891517        1.86152796084366        1.82031731941953     
   1.78342053464277        1.75083760651338        1.72256853503137     
   1.69861332019673        1.67897196200946        1.66364446046957     
   3.78153411734238        3.57264310378188        3.37332249438417     
   3.18357228914927        3.00339248807717        2.83278309116788     
   2.67174409842138        2.52027550983769        2.37837732541680     
   2.24604954515871        2.12329216906343        2.01010519713094     
   1.90648862936126        1.81244246575439        1.72796670631031     
   1.65306135102904        1.58772639991056        1.53196185295490     
   1.48576771016203        1.44914397153196        1.42209063706470     
   1.40460770676024        1.39669518061858        1.39835305863973     
   1.40958134082367        1.43038002717042        1.46074911767997     
   1.50068861235233        1.55019851118748        1.60927881418544     
   3.68156075417469        3.38200990874155        3.10134090622459     
   2.83955374662383        2.59664842993925        2.37262495617087     
   2.16748332531868        1.98122353738268        1.81384559236286     
   1.66534949025924        1.53573523107181        1.42500281480058     
   1.33315224144553        1.26018351100667        1.20609662348400     
   1.17089157887753        1.15456837718724        1.15712701841315     
   1.17856750255524        1.21888982961353        1.27809399958801     
   1.35618001247867        1.45314786828553        1.56899756700858     
   1.70372910864782        1.85734249320325        2.02983772067487     
   2.22121479106269        2.43147370436669        2.66061446058688     
   3.55911294526141        3.15233921098125        2.77966963855314     
   2.44110422797709        2.13664297925310        1.86628589238118     
   1.63003296736131        1.42788420419350        1.25983960287775     
   1.12589916341405        1.02606288580242       0.960330770042850     
  0.928702816135337       0.931179024079883       0.967759393876488     
   1.03844392552515        1.14323261902588        1.28212547437866     
   1.45512249158350        1.66222367064041        1.90342901154937     
   2.17873851431039        2.48815217892347        2.83167000538860     
   3.20929199370580        3.62101814387506        4.06684845589638     
   4.54678292976976        5.06082156549519        5.60896436307269     
   3.41455023874541        2.88663873773779        2.41625321295631     
   2.00339366440099        1.64806009207181        1.35025249596879     
   1.10997087609191       0.927215232441189       0.801985565016617     
  0.734281873818194       0.724104158845921       0.771452420099799     
  0.876326657579827        1.03872687128601        1.25865306121834     
   1.53610522737682        1.87108336976144        2.26358748837222     
   2.71361758320916        3.22117365427223        3.78625570156147     
   4.40886372507685        5.08899772481838        5.82665770078606     
   6.62184365297989        7.47455558139988        8.38479348604601     
   9.35255736691830        10.3778472240167        11.4606630573413     
   3.24908417870536        2.59006929281322        2.02293940545753     
   1.54769451663828        1.16433462635548       0.872859734609133     
  0.673269841399229       0.565564946725772       0.549745050588763     
  0.625810152988200       0.793760253924085        1.05359535339642     
   1.40531545140520        1.84892054795042        2.38441064303210     
   3.01178573665022        3.73104582880479        4.54219091949580     
   5.44522100872327        6.44013609648718        7.52693618278753     
   8.70562126762434        9.97619135099759        11.3386464329073     
   12.7929865133534        14.3392115923360        15.9773216698551     
   17.7073167459106        19.5291968205025        21.4429618936309     
   3.06469464665469        2.26976661568032        1.61519579777180     
   1.10098219292914       0.727125801152327       0.493626622441371     
  0.400484656796270       0.447699904217022       0.635272364703629     
  0.963202038256091        1.43148892487441        2.04013302455857     
   2.78913433730860        3.67849286312448        4.70820860200621     
   5.87828155395380        7.18871171896723        8.63949909704652     
   10.2306436881917        11.9621454924027        13.8340045096795     
   15.8462207400223        17.9987941834308        20.2917248399052     
   22.7250127094455        25.2986577920516        28.0126600877236     
   30.8670195964615        33.8617363182651        36.9968102531347     
   2.86401439058894        1.93456762750197        1.21163492634066     
  0.695216287105005       0.385311709795012       0.281921194410678     
  0.385044740952005       0.694682349418993        1.21083401981164     
   1.93349975212995        2.86267954637391        3.99837340254354     
   5.34058132063883        6.88930330065977        8.64453934260638     
   10.6062894464787        12.7745536122766        15.1493318400002     
   17.7306241296494        20.5184304812243        23.5127508947249     
   26.7135853701511        30.1209339075030        33.7347965067805     
   37.5551731679837        41.5820638911126        45.8154686761671     
   50.2553875231473        54.9018204320532        59.7547674028846     
   2.65019418994743        1.59466819480873       0.833392076508849     
  0.366365835047782       0.193589470425530       0.315062982642094     
  0.730786371697473        1.44075963759167        2.44498278032468     
   3.74345579989650        5.33617869630714        7.22315146955660     
   9.40437411964487        11.8798466465720        14.6495690503379     
   17.7135413309426        21.0717634883861        24.7242355226685     
   28.6709574337896        32.9119292217496        37.4471508865484     
   42.2766224281860        47.4003438466624        52.8183151419777     
   58.5305363141317        64.5370073631246        70.8377282889563     
   77.4326990916268        84.3219197711361        91.5053903274842     
   2.42676088610804        1.26124406723459       0.503414002359101     
  0.153270691481582       0.210814134602031       0.676044331720448     
   1.54896128283683        2.82956498795119        4.51785544706350     
   6.61383266017379        9.11749662728205        12.0288473483883     
   15.3478848234925        19.0746090525946        23.2090200356948     
   27.7511177727929        32.7009022638889        38.0583735089829     
   43.8235315080749        49.9963762611649        56.5769077682528     
   63.5651260293388        70.9610310444226        78.7646228135044     
   86.9759013365842        95.5948666136620        104.621518644738     
   114.055857429811        123.897882968883        134.147595261953     
   2.19747851639804       0.946065026458599       0.245717969808652     
  9.643734644820443E-002  0.498223156377255        1.45107539959581     
   2.95499407610386        5.00997918590141        7.61603072898845     
   10.7731487053650        14.4813331150310        18.7405839579866     
   23.5509012342316        28.9122849437662        34.8247350865902     
   41.2882516627038        48.3028346721068        55.8684841147993     
   63.9851999907814        72.6529823000529        81.8718310426139     
   91.6417462184645        101.962727827605        112.834775870034     
   124.257890345753        136.232071254762        148.757318597060     
   161.833632372647        175.461012581524        189.639459223691     
   1.96622010752616       0.661127036170552       8.467282476021802E-002
  0.236857473295159        1.11768098177537        2.72714335020087     
   5.06524457857164        8.13198466688768        11.9273636151490     
   16.4513814233556        21.7040380915075        27.6853336196046     
   34.3952680076470        41.8338412556347        50.0010533635677     
   58.8969043314460        68.5213941592695        78.8745228470383     
   89.9562903947523        101.766696802412        114.305742070016     
   127.573426197566        141.569749185061        156.294711032502     
   171.748311739887        187.930551307218        204.841429734495     
   222.480947021716        240.849103168883        259.945898175995     
   1.73685499264201       0.418320419898938       4.434157421860520E-002
  0.614918455601013        2.13005106404616        4.58973939955405     
   7.99398346212467        12.3427832517580        17.6361387684541     
   23.8740500122130        31.0565169830346        39.1835396809189     
   48.2551181058660        58.2712522578758        69.2319421369483     
   81.1371877430836        93.9869890762816        107.781346136542     
   122.520258923866        138.203727438252        154.831751679701     
   172.404331648213        190.921467343787        210.383158766424     
   230.789405916124        252.140208792887        274.435567396713     
   297.675481727601        321.859951785552        346.988977570565     
   1.51315417647211       0.229145300192457       0.147911607487446     
   1.26945309835708        3.59376977280135        7.12086163082028     
   11.8507286724138        17.7833708975821        24.9187883063249     
   33.2569808986424        42.7979486745345        53.5416916340013     
   65.4882097770428        78.6375031036588        92.9895716138495     
   108.544415307615        125.302034184955        143.262428245870     
   162.425597490359        182.791541918423        204.360261530061     
   227.131756325275        251.106026304062        276.283071466425     
   302.662891812362        330.245487341874        359.030858054960     
   389.019003951621        420.209925031857        452.603621295667     
   1.29871443189007       0.104479590811687       0.417226382317644     
   2.23695480640794        5.56366486308258        10.3973565523416     
   16.7380298741849        24.5856848286126        33.9403214156246     
   44.8019396352209        57.1705394874017        71.0461209721667     
   86.4286840895161        103.318228839450        121.714755221968     
   141.618263237070        163.028752884757        185.946224165028     
   210.370677077884        236.302111623323        263.740527801348     
   292.685925611956        323.138305055149        355.097666130926     
   388.564008839287        423.537333180233        460.017639153764     
   498.004926759878        537.499195998577        578.500446869860     
   1.09690048499926       5.440014580658294E-002  0.872422316367783     
   3.55096699668286        8.09003418675181        14.4896238865747     
   22.7497360961514        32.8703708154820        44.8515280445664     
   58.6932077834048        74.3954100319970        91.9581347903431     
   111.381382058443        132.665151836297        155.809444123905     
   180.814258921266        207.679596228382        236.405456045251     
   266.991838371874        299.438743208251        333.746170554383     
   369.914120410268        407.942592775906        447.831587651299     
   489.581105036445        533.191144931346        578.661707336000     
   625.992792250408        675.184399674570        726.236529608486     
  0.910803779984993       8.805430824626739E-002   1.53166713847206     
   5.24164227066236        11.2179797048172        19.4606794409365     
   29.9697414790204        42.7451658190687        57.7869524610816     
   75.0951014050590        94.6696126510009        116.510486198907     
   140.617722048778        166.991320200614        195.631280654414     
   226.537603410178        259.710288467907        295.149335827601     
   332.854745489259        372.826517452881        415.064651718468     
   459.569148286020        506.340007155536        555.377228327016     
   606.680811800461        660.250757575871        716.087065653245     
   774.189736032584        834.558768713887        897.194163697154     
  0.743215824645719       0.213576944224560        2.41099095382680     
   7.33545785345245        14.9869776431015        25.3655503227739     
   38.4711758924698        54.3038543521890        72.8635857019317     
   94.1503699416977        118.164207071487        144.905097091300     
   174.373040001136        206.568035800996        241.490084490879     
   279.139186070786        319.515340540715        362.618547900669     
   408.448808150645        457.006121290645        508.290487320669     
   562.301906240716        619.040378050786        678.505902750879     
   740.698480340996        805.618110821137        873.264794191301     
   943.638530451488        1016.73931960170        1092.56716164193     
  0.596613911650644       0.438046879412075        3.52419838973843     
   9.85506844262970        19.4306570380859        32.2509641761070     
   48.3159898566931        67.6257340798441        90.1801968455599     
   115.979378153841        145.023278004686        177.311896398097     
   212.845233334073        251.623288812613        293.646062833719     
   338.913555397389        387.425766503624        439.182696152424     
   494.184344343789        552.430711077719        613.921796354214     
   678.657600173275        746.638122534899        817.863363439089     
   892.333322885843        970.048000875163        1051.00739740705     
   1135.21151248150        1222.66034609851        1313.35389825809     
  0.473157005746514       0.767476236895976        4.88284894746442     
   12.8192751374518        24.5767548068582        40.1552879556836     
   59.5548745839280        82.7755146915913        109.817208278674     
   140.679955345175        175.363755891095        213.868609916434     
   256.194517421193        302.341478405370        352.309492868966     
   406.098560811981        463.708682234415        525.139857136268     
   590.392085517541        659.465367378231        732.359702718342     
   809.075091537871        889.611533836819        973.969029615185     
   1062.14757887297        1154.14718161018        1249.96783782680     
   1349.60954752284        1453.07231069831        1560.35612735319     
  0.374689713664254        1.20682628361733        6.49629263180582     
   16.2430887582297        30.4472146628890        49.1086703457837     
   72.2274558069138        99.8035710462794        131.837016063880     
   168.327790859717        209.275895433788        254.681329786096     
   304.544093916638        358.864187825416        417.641611512430     
   480.876364977678        548.568448221162        620.717861242882     
   697.324604042837        778.388676621027        863.910078977453     
   953.888811112115        1048.32487302501        1147.21826471614     
   1250.56898618551        1358.37703743311        1470.64241845895     
   1587.36512926303        1708.54516984533        1834.18254020588     
  0.302752457008413        1.76004384100694        8.37174866438919     
   20.1378669271552        37.0583986293049        59.1333437708383     
   86.3627023517555        118.746474372056        156.284659831741     
   198.977258730809        246.824271069261        299.825696847097     
   357.981536064317        421.291788720920        489.756454816907     
   563.375534352278        642.149027327032        726.076933741170     
   815.159253594692        909.395986887597        1008.78713361989     
   1113.33269379156        1223.03266740262        1337.88705445306     
   1457.89585494288        1583.05906887209        1713.37669624068     
   1848.84873704866        1989.47519129602        2135.25605898276     
  0.258596208979870        2.43011295703521        10.5144162897209     
   24.5115062070369        44.4213827089832        70.2440457955599     
   101.979495466767        139.627731722604        183.188754563072     
   232.662563988170        288.049159997898        349.348542592257     
   416.560711771246        489.685667534866        568.723409883115     
   653.673938815996        744.537254333506        841.313356435646     
   944.002245122418        1052.60392039382        1167.11838224985     
   1287.54563069051        1413.88566571581        1546.13848732573     
   1684.30409552028        1828.38249029946        1978.37367166328     
   2134.27763961172        2296.09439414480        2463.82393526250     
