   3.99999802790196        3.99999605584478        3.99999408378902     
   3.99999211173469        3.99999013968178        3.99998816763030     
   3.99998619558023        3.99998422353159        3.99998225148438     
   3.99998027943859        3.99997830739422        3.99997633535127     
   3.99997436330975        3.99997239126965        3.99997041923097     
   3.99996844719372        3.99996647515788        3.99996450312348     
   3.99996253109049        3.99996055905893        3.99995858702880     
   3.99995661500008        3.99995464297279        3.99995267094692     
   3.99995069892248        3.99994872689946        3.99994675487786     
   3.99994478285768        3.99994281083893        3.99994083882160     
   3.99992908087645        3.99985816493631        3.99978725076122     
   3.99971633835115        3.99964542770613        3.99957451882614     
   3.99950361171120        3.99943270636129        3.99936180277641     
   3.99929090095658        3.99922000090178        3.99914910261203     
   3.99907820608731        3.99900731132762        3.99893641833298     
   3.99886552710337        3.99879463763880        3.99872374993927     
   3.99865286400478        3.99858197983532        3.99851109743091     
   3.99844021679153        3.99836933791719        3.99829846080788     
   3.99822758546362        3.99815671188439        3.99808584007020     
   3.99801497002105        3.99794410173694        3.99787323521786     
   3.99943112582713        3.99886236983671        3.99829372065040     
   3.99772517826820        3.99715674269012        3.99658841391615     
   3.99602019194630        3.99545207678056        3.99488406841893     
   3.99431616686143        3.99374837210803        3.99318068415875     
   3.99261310301359        3.99204562867254        3.99147826113560     
   3.99091100040278        3.99034384647408        3.98977679934949     
   3.98920985902901        3.98864302551265        3.98807629880041     
   3.98750967889227        3.98694316578826        3.98637675948836     
   3.98581045999257        3.98524426730090        3.98467818141334     
   3.98411220232989        3.98354633005057        3.98298056457535     
   3.99762434977091        3.99525046033039        3.99287828414923     
   3.99050782122745        3.98813907156504        3.98577203516201     
   3.98340671201834        3.98104310213405        3.97868120550913     
   3.97632102214358        3.97396255203740        3.97160579519060     
   3.96925075160317        3.96689742127511        3.96454580420642     
   3.96219590039710        3.95984770984716        3.95750123255659     
   3.95515646852539        3.95281341775357        3.95047208024111     
   3.94813245598803        3.94579454499432        3.94345834725998     
   3.94112386278502        3.93879109156942        3.93646003361320     
   3.93413068891635        3.93180305747888        3.92947713930077     
   3.99317690253768        3.98636670991984        3.97956928555959     
   3.97278462945692        3.96601274161183        3.95925362202433     
   3.95250727069441        3.94577368762207        3.93905287280732     
   3.93234482625015        3.92564954795056        3.91896703790856     
   3.91229729612414        3.90564032259731        3.89899611732805     
   3.89236468031638        3.88574601156230        3.87914011106580     
   3.87254697882688        3.86596661484554        3.85939901912179     
   3.85284419165562        3.84630213244703        3.83977284149603     
   3.83325631880261        3.82675256436678        3.82026157818852     
   3.81378336026786        3.80731791060477        3.80086522919927     
   3.98456175585728        3.96918231117780        3.95386135661797     
   3.93859889217777        3.92339491785722        3.90824943365630     
   3.89316243957503        3.87813393561340        3.86316392177140     
   3.84825239804905        3.83339936444633        3.81860482096326     
   3.80386876759982        3.78919120435603        3.77457213123187     
   3.76001154822736        3.74550945534248        3.73106585257725     
   3.71668073993165        3.70235411740569        3.68808598499938     
   3.67387634271270        3.65972519054567        3.64563252849827     
   3.63159835657052        3.61762267476240        3.60370548307392     
   3.58984678150509        3.57604657005589        3.56230484872634     
   3.97026924292616        3.94073294400813        3.91139050670405     
   3.88224193101391        3.85328721693771        3.82452636447545     
   3.79595937362714        3.76758624439277        3.73940697677235     
   3.71142157076587        3.68363002637333        3.65603234359474     
   3.62862852243009        3.60141856287938        3.57440246494262     
   3.54758022861980        3.52095185391093        3.49451734081600     
   3.46827668933501        3.44222989946796        3.41637697121486     
   3.39071790457571        3.36525269955049        3.33998135613922     
   3.31490387434190        3.29002025415851        3.26533049558907     
   3.24083459863358        3.21653256329203        3.19242438956442     
   3.94892343539022        3.89836215158473        3.84831512193013     
   3.79878234642643        3.74976382507362        3.70125955787170     
   3.65326954482067        3.60579378592053        3.55883228117128     
   3.51238503057293        3.46645203412547        3.42103329182890     
   3.37612880368322        3.33173856968843        3.28786258984454     
   3.24450086415153        3.20165339260942        3.15932017521820     
   3.11750121197787        3.07619650288844        3.03540604794989     
   2.99512984716224        2.95536790052548        2.91612020803961     
   2.87738676970463        2.83916758552054        2.80146265548735     
   2.76427197960505        2.72759555787363        2.69143339029312     
   3.91934960124756        3.83986554521699        3.76154620728541     
   3.68439158745281        3.60840168571919        3.53357650208455     
   3.45991603654890        3.38742028911223        3.31608925977454     
   3.24592294853583        3.17692135539611        3.10908448035537     
   3.04241232341360        2.97690488457083        2.91256216382703     
   2.84938416118222        2.78737087663639        2.72652231018954     
   2.66683846184167        2.60831933159279        2.55096491944289     
   2.49477522539197        2.43975024944003        2.38588999158708     
   2.33319445183310        2.28166363017811        2.23129752662210     
   2.18209614116508        2.13405947380704        2.08718752454797     
   3.88062468275145        3.76360192743923        3.64892932310322     
   3.53660686974344        3.42663456735987        3.31901241595253     
   3.21374041552140        3.11081856606649        3.01024686758780     
   2.91202532008533        2.81615392355908        2.72263267800905     
   2.63146158343524        2.54264063983765        2.45616984721627     
   2.37204920557112        2.29027871490218        2.21085837520947     
   2.13378818649297        2.05906814875270        1.98669826198864     
   1.91667852620080        1.84900894138918        1.78368950755378     
   1.72072022469460        1.66010109281164        1.60183211190490     
   1.54591328197438        1.49234460302007        1.44112607504199     
   3.83211517381424        3.66858086763780        3.50939368037010     
   3.35455361201116        3.20406066256096        3.05791483201952     
   2.91611612038683        2.77866452766289        2.64556005384770     
   2.51680269894126        2.39239246294357        2.27232934585464     
   2.15661334767445        2.04524446840302        1.93822270804033     
   1.83554806658640        1.73722054404122        1.64324014040479     
   1.55360685567711        1.46832068985818        1.38738164294801     
   1.31078971494658        1.23854490585391        1.17064721566998     
   1.10709664439481        1.04789319202839       0.993036858570719     
  0.942527644021799       0.896365548381631       0.854550571650214     
   3.77349745828796        3.55451546740218        3.34304942222297     
   3.13909932275033        2.94266516898426        2.75374696092476     
   2.57234469857182        2.39845838192546        2.23208801098566     
   2.07323358575244        1.92189510622578        1.77807257240569     
   1.64176598429217        1.51297534188522        1.39170064518484     
   1.27794189419102        1.17169908890378        1.07297222932310     
  0.981761315448998       0.898066347281461       0.821887324820493     
  0.753224248066094       0.692077117018264       0.638445931677003     
  0.592330692042311       0.553731398114187       0.522648049892633     
  0.499080647377648       0.483029190569232       0.474493679467384     
   3.70475773930693        3.42183189745598        3.15121644661614     
   2.89291138678739        2.64691671796975        2.41323244016321     
   2.19185855336777        1.98279505758343        1.78604195281019     
   1.60159923904805        1.42946691629701        1.26964498455707     
   1.12213344382823       0.986932294110496       0.864041535403859     
  0.753461167708323       0.655191191023887       0.569231605350553     
  0.495582410688318       0.434243607037184       0.385215194397151     
  0.348497172768218       0.324089542150386       0.311992302543654     
  0.312205453948023       0.324728996363492       0.349562929790063     
  0.386707254227734       0.436161969676504       0.497927076136376     
   3.62617309713579        3.27163609566569        2.93638132637885     
   2.62040878927528        2.32371848435497        2.04631041161792     
   1.78818457106413        1.54934096269360        1.32977958650634     
   1.12950044250234       0.948503530681597       0.786788851044120     
  0.644356403589905       0.521206188318952       0.417338205231262     
  0.332752454326833       0.267448935605667       0.221427649067763     
  0.194688594713121       0.187231772541741       0.199057182553624     
  0.230164824748768       0.280554699127175       0.350226805688844     
  0.439181144433775       0.547417715361968       0.674936518473424     
  0.821737553768142       0.987820821246121        1.17318632090736     
   3.53827811945321        3.10564480339259        2.70209052677482     
   2.32761528959991        1.98221909186784        1.66590193357863     
   1.37866381473227        1.12050473532875       0.891424695368096     
  0.691423694850288       0.520501733775332       0.378658812143226     
  0.265894929953973       0.182210087207571       0.127604283904020     
  0.102077520043321       0.105629795625473       0.138261110650476     
  0.199971465118331       0.290760859029038       0.410629292382595     
  0.559576765179004       0.737603277418265       0.944708829100377     
   1.18089342022534        1.44615705079315        1.74049972080382     
   2.06392143025734        2.41642217915371        2.79800196749293     
   3.44182248825369        2.92609136762298        2.45279505043287     
   2.02193353668337        1.63350682637447        1.28751491950616     
  0.983957816078464       0.722835516091365       0.504148019544869     
  0.327895326438973       0.194077436773679       0.102694350548987     
  5.374606776489670E-002  4.723258842140789E-002  8.315391251852050E-002
  0.161510040056235       0.282300971034551       0.445526705453468     
  0.651187243312987       0.899282584613108        1.18981272935383     
   1.52277767753515        1.89817742915708        2.31601198421961     
   2.77628134272273        3.27898550466646        3.82412447005080     
   4.41169823887573        5.04170681114126        5.71415018684740     
   3.33772453102983        2.73561722246140        2.19366422750708     
   1.71186554616687        1.29022117844079       0.928731124328820     
  0.627395383830969       0.386213956947236       0.205186843677621     
  8.431404402212285E-002  2.359555798074250E-002  2.303138555347966E-002
  8.262152674033438E-002  0.202365981541306       0.382264749956396     
  0.622317831985604       0.922525227628928        1.28288693688637     
   1.70340295975793        2.18407329624361        2.72489794634340     
   3.32587691005731        3.98701018738534        4.70829777832749     
   5.48973968288375        6.33133590105413        7.23308643283864     
   8.19499127823725        9.21705043724998        10.2992639098768     
   3.22702474926571        2.53715878867009        1.93038582808731     
   1.40670586751735       0.966118906960229       0.608624946415941     
  0.334223985884485       0.142916025365863       3.470106486007386E-002
  9.579104367117867E-003  6.755014388699530E-002  0.208614183419706     
  0.432771222965250       0.740021262523626        1.13036430209484     
   1.60380034167888        2.16032938127576        2.79995142088546     
   3.52266646050801        4.32847450014338        5.21737553979159     
   6.18936957945263        7.24445661912651        8.38263665881322     
   9.60390969851275        10.9082757382251        12.2957347779503     
   13.7662868176884        15.3199318574393        16.9566698972030     
   3.11084218945880        2.33383756230538        1.66896721439639     
   1.11623114573183       0.675629356311699       0.347161846136000     
  0.130828615204731       2.662966351789320E-002  3.456499107548598E-002
  0.154634597877510       0.386838483923964       0.731176649214849     
   1.18764909375016        1.75625581752991        2.43699682055409     
   3.22987210282269        4.13488166433573        5.15202550509320     
   6.28130362509510        7.52271602434143        8.87626270283219     
   10.3419436605674        11.9197588975470        13.6097084137711     
   15.4117922092395        17.3260102839524        19.3523626379098     
   21.4908492711116        23.7414701835578        26.1042253752484     
   2.99033546610842        2.12885898110023        1.41554887042488     
  0.850405134082363       0.433427772072683       0.164616784395837     
  4.397217105182717E-002  7.149393204065202E-002  0.247182067362312     
  0.571036577016808        1.04305746100414        1.66324471932430     
   2.43159835197730        3.34811835896314        4.41280474028181     
   5.62565749593332        6.98667662591766        8.49586213023483     
   10.1532140088848        11.9587322618677        13.9124168891834     
   16.0142678908319        18.2642852668133        20.6624690171274     
   23.2088191417744        25.9033356407543        28.7460185140670     
   31.7368677617125        34.8758833836909        38.1630653800021     
   2.86666938375853        1.92542360761471        1.17623808480701     
  0.619112815335417       0.254047799199941       8.104303640057943E-002
  0.100098526937332       0.311214270810199       0.714390268019179     
   1.30962651856428        2.09692302244549        3.07627977966281     
   4.24769679021625        5.61117405410580        7.16671157133147     
   8.91430934189325        10.8539673657911        12.9856856430252     
   15.3094641735953        17.8253029575015        20.5332019947439     
   23.4331612853223        26.5251808292369        29.8092606264876     
   33.2854006770744        36.9536009809973        40.8138615382564     
   44.8661823488515        49.1105634127828        53.5470047300502     
   2.74098745763969        1.72665243321437       0.956967300477889     
  0.431932059430236       0.151546710071412       0.115811252401419     
  0.324725686420255       0.778290012127922        1.47650422952442     
   2.41936833860975        3.60688233938390        5.03904623184689     
   6.71586001599871        8.63732369183936        10.8034372593688     
   13.2142007185871        15.8696140694943        18.7696773120902     
   21.9143904463750        25.3037534723487        28.9377663900111     
   32.8164291993624        36.9397419004025        41.3077044931315     
   45.9203169775492        50.7775793536558        55.8794916214513     
   61.2260537809356        66.8172658321087        72.6531277749706     
   2.61439018191007        1.53552675524378       0.763378941202891     
  0.297946739787396       0.139230150997295       0.287229174832588     
  0.741943811293276        1.50337406037936        2.57151992209083     
   3.94638139642771        5.62795848338997        7.61625118297763     
   9.91125949519069        12.5129834200291        15.4214229574930     
   18.6365781075822        22.1584488702968        25.9870352456369     
   30.1223372336023        34.5643548341931        39.3130880474093     
   44.3685368732509        49.7307013117179        55.3995813628103     
   61.3751770265281        67.6574883028713        74.2465151918399     
   81.1422576934338        88.3447158076532        95.8538895344979     
   2.48791860732345        1.35484210777251       0.600736470615514     
  0.225601695852470       0.229437783483375       0.612244733508229     
   1.37402254592703        2.51477122073979        4.03449075794649     
   5.93318115754714        8.21084241954174        10.8674745439303     
   13.9030775307128        17.3176513798892        21.1111960914596     
   25.2837116654240        29.8351981017823        34.7656554005345     
   40.0750835616807        45.7634825852209        51.8308524711549     
   58.2771932194830        65.1025048302050        72.3067873033209     
   79.8900406388308        87.8522648367346        96.1934598970325     
   104.913625819724        114.012762604810        123.490870252289     
   2.36254262936741        1.18717508972277       0.473860012049014     
  0.222597396346143       0.433387242614158        1.10622955085306     
   2.24112432106285        3.83807155324352        5.89707124739507     
   8.41812340351752        11.4012280216108        14.8463851016751     
   18.7535946437102        23.1228566477162        27.9541711136930     
   33.2475380416408        39.0029574315594        45.2204292834489     
   51.8999535973093        59.0415303731407        66.6451596109428     
   74.7108413107159        83.2385754724599        92.2283620961747     
   101.680201181860        111.594092729517        121.970036739145     
   132.808033210743        144.108082144312        155.870183539852     
   2.23915331935786        1.03486157076729       0.387083972857505     
  0.295820525628499       0.761071229080273        1.78283608321283     
   3.36111508802617        5.49590824352028        8.18721554969517     
   11.4350370065509        15.2393726140873        19.6002223723046     
   24.5175862812026        29.9914643407814        36.0218565510410     
   42.6087629119813        49.7521834236025        57.4521180859044     
   65.7085668988871        74.5215298625506        83.8910069768948     
   93.8169982419199        104.299503657626        115.338523224012     
   126.934056941080        139.086104808828        151.794666827257     
   165.059742996367        178.881333316157        193.259437786628     
   2.11855862586968       0.899984599714573       0.344233665228842     
  0.451305822412488        1.22120107126551        2.65391941178791     
   4.74946084397968        7.50782536784083        10.9290129833714     
   15.0130236905713        19.7598574894405        25.1695143799792     
   31.2419943621872        37.9772974360646        45.3754236016114     
   53.4363728588276        62.1601452077131        71.5467406482680     
   81.5961591804923        92.3084008043860        103.683465519949     
   115.721353327181        128.422064226083        141.785598216654     
   155.811955298895        170.501135472805        185.853138738384     
   201.867965095633        218.545614544551        235.886087085138     
   2.00148180948981       0.784370332343925       0.348617785408622     
  0.694224168683902        1.82118948216976        3.72951372586621     
   6.41919689977324        9.89023900389085        14.1426400382190     
   19.1764000027578        24.9915188975072        31.5879967224671     
   38.9658334776377        47.1250291630188        56.0655837786105     
   65.7874973244127        76.2907698004256        87.5754012066490     
   99.6413915430830        112.488740809728        126.117449006583     
   140.527516133649        155.718942190925        171.691727178412     
   188.445871096109        205.981373944017        224.298235722136     
   243.396456430465        263.276036069005        283.936974637756     
   1.88856203311624       0.689590385627668       0.403033705469828     
   1.02889199264272        2.56716524714634        5.01785346898070     
   8.38095665814579        12.6564748146416        17.8444079384682     
   23.9447560296255        30.9575190881135        38.8826971139322     
   47.7202901070817        57.4702980675619        68.1327209953729     
   79.7075588905145        92.1948117529870        105.594479582790     
   119.906562379924        135.131060144389        151.267972876184     
   168.317300575310        186.279043241767        205.153200875554     
   224.939773476673        245.638761045122        267.250163580901     
   289.773981084012        313.210213554453        337.558860992225     
   1.78035660065461       0.616969173570143       0.509782764756274     
   1.45879737421300        3.46401300194032        6.52542964793824     
   10.6430473122068        15.8168659947459        22.0468856955556     
   29.3331064146359        37.6755281519868        47.0741509076083     
   57.5289746815004        69.0399994736631        81.6072252840964     
   95.2306521128002        109.910279959775        125.646108825020     
   142.438138708535        160.286369610322        179.190801530379     
   199.151434468706        220.168268425304        242.241303400173     
   265.370539393312        289.555976404722        314.797614434402     
   341.095453482353        368.449493548575        396.859734633067     
