   113.698356349724        111.395714563857        110.092036631472     
   109.787322552570        110.481572327150        112.174785955213     
   114.866963436759        118.558104771787        123.248209960298     
   128.937279002292     
   112.387155470967        109.396984448963        108.029432692909     
   108.284500202803        110.162186978647        113.662493020440     
   118.785418328182        125.530962901872        133.899126741512     
   143.889909847101     
   110.782689778136        107.164475540531        106.145282119602     
   107.725109515349        111.903957727770        118.681826756868     
   128.058716602640        140.034627265089        154.609558744212     
   171.783511040011     
   108.912145721398        104.954113424932        105.125801584266     
   109.427210199400        117.858339270333        130.419188797065     
   147.109758779598        167.930049217930        192.880060112061     
   221.959791461993     
   106.864319895144        103.237346181662        106.118944960904     
   115.509116232870        131.407859997561        153.815176254975     
   182.731065005113        218.155526247975        260.088559983561     
   308.530166211871     
   104.802114085896        102.743004150791        110.822497524029     
   129.040594205609        157.397294195532        195.892597493797     
   244.526504100405        303.299014015356        372.210127238649     
   451.259843770285     
   102.967801413749        104.476694705751        121.526461851055     
   154.117102849661        202.248617701568        265.921006406776     
   345.134268965286        439.888405377098        550.183415642210     
   676.019299760625     
   101.680969715318        109.715582461286        141.103568282267     
   195.844927178262        273.939659149269        375.387764195291     
   500.189242316325        648.344093512373        819.852317783434     
   1014.71391512951     
   101.330130083731        119.980526739092        172.950861669260     
   260.241134874235        381.851346354017        537.781496108605     
   728.031584138000        952.601610442201        1211.49157502121     
   1504.70147787502     
   102.359605099521        136.990416437795        220.892041258270     
   354.064479560947        536.507731345824        768.221796612902     
   1049.20667536218        1379.46236759366        1758.98887330734     
   2187.78619250322     
