   107.850851476721        107.419906937603        106.756651082343     
   105.943558190527        105.096092121620        104.362706314962     
   103.924843789770        103.996937145139        104.826408560038     
   106.693669793316     
   107.745562001143        107.017805418902        105.923370897646     
   104.639992370748        103.416497060557        102.572805478396     
   102.499931424565        103.659981988341        106.586157547974     
   111.882751770692     
   107.572018421839        106.375992879469        104.675626954996     
   102.910425446660        101.695694368793        101.822540951817     
   104.257873642249        110.144402102693        120.800637211846     
   137.720891064497     
   107.298142082067        105.429902455369        103.107192160108     
   101.516526432716        102.319024705779        107.650410608039     
   120.121011964395        142.815760795898        179.294193319758     
   233.590449949340     
   106.888030004669        104.198081689225        101.867887253094     
   103.126991750099        112.496753088337        135.790342030182     
   180.112742192287        253.860750045579        366.722974915266     
   529.679838980829     
   106.309768531093        102.929031552804        102.927407828689     
   114.754239433489        150.238591752952        224.589253483827     
   356.394736633868        567.623276521832        883.622831777480     
   1333.12108434158     
   105.552821731116        102.391075922033        111.053710517660     
   152.438916365026        255.804127213003        458.766019712300     
   807.300513415467        1355.74277077690        2166.78719715282     
   3311.48744080130     
   104.662154248891        104.411269808370        136.534611706570     
   249.844158159653        512.676600571394        1012.89334353318     
   1857.88050482400        3174.54891541046        5109.33411944680     
   7828.19637427483     
   103.799170701144        112.821847598600        199.942372235583     
   473.284358856634        1084.22069440702        2227.37353853274     
   4140.61432358050        7105.06375459775        11445.0918093327     
   17528.3177382341     
   103.341345921746        135.007902105521        339.925295514887     
   946.302295869579        2273.63081564465        4732.68591007049     
   8825.52577713278        15145.4917575726        24377.2083348861     
   37296.5831353252     
