   3.99999996716748        3.99999986867254        3.99999970451520     
   3.99999947469546        3.99999917921336        3.99999881806893     
   3.99999839126219        3.99999789879319        3.99999734066198     
   3.99999671686861        3.99999602741315        3.99999527229566     
   3.99999445151621        3.99999356507490        3.99999261297180     
   3.99999159520701        3.99999051178063        3.99998936269276     
   3.99998814794353        3.99998686753304        3.99998552146143     
   3.99998410972882        3.99998263233536        3.99998108928120     
   3.99997948056648        3.99997780619136        3.99997606615600     
   3.99997426046059        3.99997238910529        3.99997045209030     
   3.99987436399567        3.99949751338697        3.99886959023195     
   3.99799083129289        3.99686156803618        3.99548222663239     
   3.99385332795621        3.99197548758651        3.98984941580626     
   3.98747591760262        3.98485589266687        3.98199033539446     
   3.97888033488497        3.97552707494213        3.97193183407382     
   3.96809598549205        3.96402099711302        3.95970843155703     
   3.95515994614855        3.95037729291619        3.94536231859272     
   3.94011696461504        3.93464326712420        3.92894335696541     
   3.92301945968802        3.91687389554551        3.91050907949554     
   3.90392752119989        3.89713182502450        3.89012469003945     
   3.99803493183589        3.99215147054146        3.98238437340990     
   3.96879156895558        3.95145415691321        3.93047640823791     
   3.90598576510515        3.87813284091077        3.84709142027099     
   3.81305845902241        3.77625408422199        3.73692159414707     
   3.69532745829536        3.65176131738494        3.60653598335427     
   3.55998743936217        3.51247483978786        3.46438051023090     
   3.41610994751123        3.36809181966919        3.32077796596545     
   3.27464339688109        3.23018629411755        3.18792801059662     
   3.14841307046051        3.11220916907175        3.07990717301329     
   3.05212112008841        3.02948821932081        3.01266885095451     
   3.99220883256672        3.96901718657033        3.93096875021082     
   3.87896966566065        3.81428852906161        3.73855639052488     
   3.65376675413095        3.56227557792968        3.46680127394029     
   3.37042470815135        3.27658920052074        3.18910052497575     
   3.11212690941299        3.05019903569841        3.00821003966734     
   2.99141551112444        3.00543349384372        3.05624448556855     
   3.15019143801166        3.29397975685510        3.49467730175030     
   3.75971438631803        4.09688377814841        4.51434069880091     
   5.02060282380435        5.62455028265691        6.33542565882611     
   7.16283398974883        8.11674276683128        9.20748193544905     
   3.98202030812541        3.92902662132916        3.84385073443228     
   3.73121228031065        3.59771872988781        3.45186539213495     
   3.30403541407091        3.16649978076218        3.05341731532292     
   2.98083467891491        2.96668637074760        3.03079472807808     
   3.19486992621111        3.48250997849909        3.91920073634205     
   4.53231588918772        5.35111696453143        6.40675332791619     
   7.73226218293265        9.36256857121913        11.3344853724616     
   13.6867133043936        16.4598409227964        19.6963446214990     
   23.4405886323779        27.7388250253573        32.6391937084091     
   38.1917224275528        44.4483267668555        51.4628101484321     
   3.96802492056863        3.87494322318871        3.72927768630629     
   3.54523286492923        3.34269509061433        3.14723247146732     
   2.99009489214285        2.90821401384453        2.94420327432489     
   3.14635788788538        3.56865484537639        4.27075291419727     
   5.31799263829626        6.78139633817057        8.73766811086631     
   11.2691938299786        14.4640411456513        18.4159594845774     
   23.2243800499988        28.9944158217063        35.8368615560396     
   43.8681937858873        53.2105708206871        63.9918327464255     
   76.3455014256377        90.4107804974086        106.332555377371     
   124.261393257708        144.353543107149        166.770935670976     
   3.95056566002087        3.80853860151465        3.59273446849509     
   3.33451250043716        3.07777553225704        2.87896999431212     
   2.80708591240103        2.94365690776362        3.38276019708093     
   4.23101659247526        5.60759050151012        7.64418992719022     
   10.4850664679615        14.2870153177111        19.2193752657675     
   25.4640286969002        33.2154015913201        42.6804635246793     
   54.0787276680708        67.6422507880294        83.6156332465307     
   102.256019000992        123.833095604270        148.629094204666     
   176.938789545919        209.069499967212        245.341087403168     
   286.085957383850        331.649059034765        382.387885076859     
   3.92952322112409        3.72957388003106        3.43457736078120     
   3.10190899752332        2.81189407446611        2.66780782587820     
   2.79587543608813        3.34527203948435        4.48812272051524     
   6.41950251368909        9.35743640357408        13.5428993247984     
   19.2398161620499        26.7350617500768        36.3384608736867     
   48.3827882677476        63.2237686171871        81.2400765569928     
   102.833336672212        128.428123497953        158.471961519382     
   193.435325171727        233.811638840275        280.117276860374     
   332.891563517429        392.696773046909        460.118129634339     
   535.763807415308        620.264930475460        714.275572850504     
   3.90439735138655        3.63625924033717        3.25157110740938     
   2.84364152262212        2.54310218541685        2.51790792465760     
   2.97333669863089        4.15198959504582        6.33379083103400     
   9.83598775314959        15.0131508373693        22.2571736890924     
   31.9972730431405        44.6999887637581        60.8691838446119     
   81.0460444087914        105.809079708809        135.774122126598     
   171.594327173516        213.960173490342        263.599462847280     
   321.277320143952        387.796193409407        463.995853802114     
   550.753395609965        648.983236250276        759.637116269783     
   883.704099344646        1022.21057228045        1176.22024501219     
   3.87440580422954        3.52580382528655        3.03870405616326     
   2.55395573407547        2.26874734041129        2.43660660073123     
   3.36740048476812        5.42733520642717        9.03895622378594     
   14.6811482390943        22.8891351987747        34.2544802934216     
   49.4250859578019        69.1051938708552        94.0553849556930     
   125.092579379600        163.090036554031        208.977355134616     
   263.740473021157        328.421667357625        404.119554532168     
   491.989090177104        593.241569168922        709.144625628287     
   841.022232920032        990.254703653167        1158.27868968087     
   1346.58718210050        1556.72951125357        1790.31134672578     
   3.83854527017945        3.39478270378985        2.79047598652913     
   2.22856351234094        1.99315838334869        2.44954840985562     
   4.04419611034475        7.30473871147887        12.8399881481006     
   21.3399310632323        33.5757288080762        50.3997174420143     
   72.7454077326082        101.627485155600        138.141809894910     
   183.465416842640        238.856515599071        305.654490472664     
   385.279900480059        479.234479346076        589.101135503716     
   716.543952094158        863.308186966762        1031.22027267907     
   1222.18781649679        1438.19960039384        1681.32558105229     
   1953.71688986239        2257.60583292259        2595.30589103950     
   3.79563799410117        3.23943254006270        2.50197287131804     
   1.86757286073380        1.73427102052611        2.61383050226063     
   5.13173909685257        10.0272092345666        18.1531779850171     
   30.4763070571677        48.0769827993318        72.1493161991722     
   104.001142883701        145.054023119281        196.843241811622     
   261.017808505787        339.340457386185        433.687647276576     
   546.049561640071        678.530108579127        833.346920835554     
   1012.83135579051        1219.42849546450        1455.69714651739     
   1724.30984024837        2028.05283259602        2369.82610413822     
   2752.64336009224        3179.63203031468        3654.03326930151     
   3.74439048210943        3.05602575161214        2.17023122664399     
   1.47921384585254        1.53206206829222        3.03474587342434     
   6.85011676111705        13.9979077516454        25.6547333856912     
   43.1540897243433        67.9863543490973        101.798786361856     
   146.395526384928        203.737596561030        275.942900553284     
   365.286223545222        474.199232240780        605.270474864301     
   761.245381160536        945.026262394642        1159.67231135218     
   1408.39960233913        1694.58109118186        2021.74661522717     
   2393.58289334223        2813.93352591466        3286.79899485244     
   3816.33666358401        4406.86077705817        5062.84246174416     
   3.68347491383405        2.84141313982353        1.79627271798558     
   1.08548084897694        1.46143389396378        3.89149737462167     
   9.55800597313561        19.8582635322000        36.4045430550186     
   61.0240867053048        95.7591058072811        142.866780845680     
   204.819261465742        284.303666473219        384.222083834370     
   507.691570675967        658.044153285287        838.826827110119     
   1053.80155675876        1306.94527600002        1602.44988776322     
   1944.72226413817        2338.38424637522        2788.27264488522     
   3299.43923923950        3877.15077816995        4526.88897956893     
   5254.35053048933        6065.44708714453        6966.30527490845     
   3.61163068567612        2.59376130920939        1.38800553133159     
  0.730382194793698        1.65131532420563        5.47563412603624     
   13.8225729886133        28.6057714821235        52.0332743586126     
   86.6075315519851        135.125398178005        200.678134534293     
   286.651406100333        396.725283537464        534.874242688885     
   705.367164579655        912.767335416691        1161.93244658877     
   1458.01459466652        1806.46028140245        2213.01041373090     
   2683.70030376808        3224.85966881207        3843.11263134280     
   4545.37771902204        5338.86786469347        6231.09040638257     
   7229.84708729672        8343.23405582513        9579.64186553889     
   3.52777702727218        2.31346197943594       0.963990997873670     
  0.490918923632686        2.31041929722966        8.24328435865059     
   20.5149250473508        41.7553710022551        74.9992705617573     
   123.685890763721        191.659117345478        283.167454743832     
   402.864026095053        555.806573234883        747.457456698530     
   983.683655720675        1270.75676823547        1615.35301087652     
   2024.55321897693        2505.84284656924        3067.11196638549     
   3716.65526985717        4463.17206711525        5315.76628699015     
   6283.94647701178        7377.62580340952        8607.12205111221     
   9983.15762374816        11516.8595436451        13219.7594518304     
   3.43112605932084        2.00415292309420       0.557873346244202     
  0.490267798202943        3.75850446267364        12.8789392376307     
   30.9271157353195        61.5377652822567        108.904806919230     
   177.781347401298        273.479681197792        401.871290492311     
   569.386845182728        783.016202881188        1050.30840891410     
   1379.37169632216        1778.87348586032        2258.04038599780     
   2826.65819291810        3495.07189051901        4274.18565041255     
   5175.46283192503        6210.92598209705        7393.15683568347     
   8735.29631515338        10251.0445306902        11954.6607801916     
   13860.9635492695        15985.3305112502        18343.6985271740     
   3.32128659821532        1.67376441832846       0.223101335838255     
  0.912066782362710        6.46053174535458        20.3654687681014     
   46.9009519497255        91.1181569451838        158.845360965268     
   256.687942776605        392.028382701656        573.026262618717     
   808.618265961918        1108.51817772123        1483.21688444244     
   1943.98237422720        2502.85973673297        3172.67116317305     
   3967.01594631659        4900.27048048856        5987.58826156977     
   7244.89988699686        8688.91305576231        10337.1125684144     
   12207.7603270574        14319.8953353511        16693.3336985115     
   19348.6686233101        22307.2704180746        25591.2864926880     
   3.19835100071054        1.33549395901602       3.747383108747748E-002
   2.01435109090097        11.0602017298988        32.0531172569896     
   70.9552046985483        134.812586598416        231.755401017900     
   370.997801535774        562.837957248279        818.658052769120     
   1150.92428822947        1573.18687927797        2100.08005708072     
   2747.32206832129        3531.71517520073        4471.14565543753     
   5584.58380226767        6892.08392444458        8414.78434623917     
   10174.9074074398        12195.7594633523        14501.7308848000     
   17118.2960581236        20072.0133851815        23390.5252833492     
   27102.5581855199        31237.9225401044        35827.5128110306     
   3.06295971056572        1.00861715853904       0.107037006780802     
   4.14164018264224        18.4092038775650        49.7198615470811     
   106.397102910813        198.277773952473        336.712076919865     
   534.563570324882        806.209168943509        1167.53914381582     
   1635.95712224598        2230.38008780224        2971.23838031695     
   3880.47569588654        4981.54908687155        6299.42896189658     
   7860.59908585035        9693.05657988565        11826.3119214194     
   14291.3889441325        17120.8248379701        20348.6701491413     
   24010.4887801194        28143.3579896417        32785.8683927096     
   37978.1239605887        43761.7420208086        50179.8532571629     
   2.91634060070577       0.719061951706604       0.568939411607259     
   7.73390381679022        29.5890414809472        75.6165941950789     
   157.405959227496        288.653689323816        485.163492706969     
   764.846233077193        1147.71992961203        1655.90975696635     
   2313.64804527230        3147.27428013936        4185.23510265432     
   5458.08430938126        6998.48285236160        8841.19883911404     
   11023.1075326346        13583.1913513966        16562.5398693507     
   20004.3498159248        23953.9250760243        28458.6766900316     
   33568.1228538066        39333.8889186865        45809.7073914859     
   53051.4179344965        61116.9673654874        70066.4096577050     
   2.76032248161280       0.499700907592905        1.59298320825837     
   13.3315437146947        45.9232831582104        112.492628670337     
   229.080533782829        414.644478427664        691.058468937042     
   1083.11303804339        1618.51524487935        2327.88867497779     
   3244.77344027180        4405.62617909471        5849.82005618005     
   7619.64476266158        9760.30651607329        12319.9280603494     
   15349.5486658243        18903.1241292326        23037.5267737093     
   27812.5454487895        33290.8855304084        39538.1689209017     
   46622.9340490049        54616.6358698543        63593.6458649860     
   73631.2520423364        84809.6589362422        97211.9876074402     
   2.59732409081708       0.390346482062185        3.38176084121324     
   21.5760032585474        68.9792522465132        163.599428739731     
   327.446196094992        586.530960091259        970.866868929668     
   1514.46881323352        2255.35342604830        3235.53908284166     
   4501.04590150340        6101.89574234554        8092.11220810222     
   10529.7206439298        13476.7481374067        16999.2235185338     
   21167.1773597337        26054.6419758516        31739.6514241546     
   38304.2415043321        45834.4497584956        54420.3154711789     
   64155.8796693378        75139.1851223503        87472.2763420168     
   101261.199582560        116616.002840623        133650.735855274     
   2.43032136528753       0.437461209629602        6.16940710372556     
   33.2060659076811        100.559263770290        232.672746129033     
   459.422177710082        816.115142528292        1343.49114388721     
   2087.72160437907        3100.40986588479        4438.59118957399     
   6164.73275590494        8346.73366462467        11057.9249347688     
   14377.0695046617        18388.3622319165        23181.4298934349     
   28851.3311854072        35498.5567233127        43229.0290419191     
   52154.1025952828        62390.5637567492        74060.6308189521     
   87291.9539938138        102217.615412546        118976.129125648     
   137711.441102909        158572.929233406        181715.403325505     
   2.26279677680520       0.693615954746976        10.2191086231225     
   49.0502628076283        142.682403469544        323.895192505732     
   632.752628748640        1116.60304796629        1830.07912286231     
   2835.09786307588        4200.86061518179        6003.85306269039     
   8327.84522604763        11263.8914626350        14910.3304667697     
   19372.7852697044        24764.1632396273        31204.6560816623     
   38821.7398378689        47750.1748872421        58132.0059457124     
   70116.5620661462        83860.4566383451        99527.5873890465     
   117289.136381923        137323.570017584        159816.639033573     
   184961.378504370        212958.107841390        244014.430792983     
   2.09867499921324        1.21674316285059        15.8195883722670     
   70.0160551851139        197.558448834418        441.842535228580     
   855.907540951377        1502.43615326196        2453.75452009486     
   3791.83225005997        5608.28241244258        8004.36153720334     
   11090.9696149783        14988.6500970788        19827.5898954916     
   25747.6193828790        32898.2123925784        41438.4862186027     
   51537.2016156403        63372.7627990547        77133.2174448850     
   93016.2566898456        111229.215131326        131989.070827392     
   155522.445296784        182065.603518917        211864.453933884     
   245174.548442450        282261.082406057        323398.894646823     
   1.94224924674173        2.06923881511045        23.2808223417063     
   97.0765878927923        267.555857963261        591.417689476635     
   1137.96087378507        1989.08393666934        3239.28513833886     
   4995.66247343168        7377.91367101446        10518.3361945825     
   14561.8272420598        19665.8837457988        26000.6023725807     
   33748.6795236154        43105.4113345414        54278.6936754256     
   67489.0221507638        82969.4920994804        100965.798594928     
   121736.236444889        145551.700191573        172695.684111619     
   203464.282216094        238166.188250496        277122.695694747     
   320667.697763202        369147.687404643        422921.757302280     
   1.79810237274995        3.31696764314836        32.9292543686615     
   131.255843504020        355.165838400069        777.776564803765     
   1488.45357085818        2592.81062710250        4212.70972647201     
   6486.26108429814        9567.82313830840        13628.0025486264     
   18853.6541977720        25447.8811906609        33630.0348546052     
   43635.7147393130        55716.7686168884        70141.2924818317     
   87193.6305510395        107174.375263804        130400.367281815     
   157204.695489155        187936.696992307        222961.957120147     
   262662.309423949        307435.835677381        357696.865876509     
   413875.978239794        476419.999208095        545792.003444663     
   1.67102635229596        5.02822262933022        45.1027609240188     
   173.612985564385        462.964413112286        1006.24973236341     
   1917.24880434727        3330.42866232722        5400.94351180045     
   8304.63473049797        12238.0308683846        17418.3476476591     
   24083.4879627539        32492.0418803353        42923.2866393036     
   55677.1866507927        71074.3934981706        89456.2459370387     
   111184.769895233        136642.678472822        166233.371942109     
   200380.937747632        239530.150506161        284146.472006701     
   334716.051210490        391745.724251001        455763.014433940     
   527316.132237246        606973.975311094        695326.128477891     
   1.56594318469230        7.27268344801268        60.1455882460011     
   225.226589786873        593.574185029611        1282.26343568397     
   2434.38596821046        4219.04997382038        6831.38020847578     
   10492.5179928895        15449.6212125251        21975.8643175970     
   30370.4383230702        40958.5508086607        54091.4259188352     
   70146.3043628110        89526.4434145565        112661.116912790     
   140005.615260983        172041.245427354        209275.330944875     
   252241.211911268        301498.244989006        357631.803405313     
   421253.276952162        493000.071986279        573535.611429141     
   663549.334766972        763756.698050752        874899.173896207     
