   3.99999997203392        3.99999988813791        3.99999974831199     
   3.99999955255617        3.99999930087045        3.99999899325487     
   3.99999862970945        3.99999821023421        3.99999773482920     
   3.99999720349446        3.99999661623002        3.99999597303594     
   3.99999527391227        3.99999451885908        3.99999370787641     
   3.99999284096435        3.99999191812297        3.99999093935233     
   3.99998990465254        3.99998881402366        3.99998766746579     
   3.99998646497903        3.99998520656349        3.99998389221926     
   3.99998252194645        3.99998109574518        3.99997961361558     
   3.99997807555776        3.99997648157185        3.99997483165799     
   3.99996062964167        3.99984252636615        3.99964570412290     
   3.99937018616091        3.99901600502873        3.99858320257439     
   3.99807182994549        3.99748194758913        3.99681362525195     
   3.99606694198009        3.99524198611925        3.99433885531464     
   3.99335765651101        3.99229850595260        3.99116152918322     
   3.98994686104618        3.98865464568432        3.98728503654002     
   3.98583819635516        3.98431429717118        3.98271352032903     
   3.98103605646916        3.97928210553160        3.97745187675586     
   3.97554558868100        3.97356346914560        3.97150575528776     
   3.96937269354513        3.96716453965485        3.96488155865361     
   3.99955860939521        3.99823505700892        3.99603109515910     
   3.99294964436039        3.98899479332395        3.98417179895745     
   3.97848708636508        3.97194824884753        3.96456404790203     
   3.95634441322229        3.94730044269855        3.93744440241756     
   3.92678972666259        3.91535101791342        3.90314404684633     
   3.89018575233412        3.87649424144612        3.86208878944816     
   3.84698983980256        3.83121900416820        3.81479906240044     
   3.79775396255116        3.78010882086875        3.76188992179813     
   3.74312471798071        3.72384183025442        3.70407104765372     
   3.68384332740957        3.66319079494943        3.64214674389729     
   3.99851698322226        3.99407459850545        3.98669248639033     
   3.97640338093786        3.96325310972867        3.94730059386301     
   3.92861784796079        3.90728998016155        3.88341519212448     
   3.85710477902841        3.82848312957181        3.79768772597280     
   3.76486914396913        3.73019105281821        3.69383021529706     
   3.65597648770239        3.61683281985050        3.57661525507738     
   3.53555293023862        3.49388807570949        3.45187601538487     
   3.40978516667931        3.36789704052698        3.32650624138170     
   3.28592046721695        3.24646050952582        3.20846025332106     
   3.17226667713506        3.13823985301987        3.10675294654714     
   3.99689804147313        3.98762033237380        3.97225062601814     
   3.95092851052396        3.92384940880949        3.89126457859344     
   3.85348111239495        3.81086193753359        3.76382581612938     
   3.71284734510281        3.65845695617477        3.60124091586663     
   3.54184132550019        3.48095612119768        3.41933907388181     
   3.35779978927570        3.29720370790293        3.23847210508751     
   3.18258209095391        3.13056661042704        3.08351444323226     
   3.04257020389534        3.00893434174254        2.98386314090053     
   2.96866872029645        2.96471903365786        2.97343786951277     
   2.99630485118966        3.03485543681741        3.09068091932537     
   3.99483042322515        3.97939563766948        3.95391623255834     
   3.91875985464337        3.87444120820037        3.82162205502933     
   3.76111121445444        3.69386456332406        3.62098503601075     
   3.54372262441127        3.46347437794654        3.38178440356168     
   3.30034386572601        3.22099098643301        3.14571104520038     
   3.07663637906999        3.01604638260789        2.96636750790433     
   2.93017326457375        2.91018421975476        2.90926799811019     
   2.93043928182702        2.97685981061644        3.05183838171383     
   3.15883084987875        3.30144012739494        3.48341618407034     
   3.70865604723708        3.98120380175146        4.30525058999399     
   3.99236980360568        3.96962737485856        3.93221535500897     
   3.88087147554461        3.81662855818759        3.74081451489437     
   3.65505234785580        3.56126014949707        3.46165110247775     
   3.35873347969180        3.25531064426752        3.15448104956759     
   3.05963823918906        2.97447084696335        2.90296259695626     
   2.84939230346793        2.81833387103290        2.81465629442007     
   2.84352365863268        2.91039513890839        3.02102500071920     
   3.18146259977147        3.39805238200595        3.67743388359776     
   4.02654173095636        4.45260564072561        4.96315041978374     
   5.56599596524332        6.26925726445132        7.08134439498905     
   3.98949434041294        3.95822940180123        3.90695876824209     
   3.83693840650612        3.74992666605310        3.64818427903199     
   3.53447436028092        3.41206240732720        3.28471630038734     
   3.15670630236700        3.03280505886104        2.91828759815348     
   2.81893133121755        2.74101605171561        2.69132393599924     
   2.67713954310919        2.70624981477538        2.78694407541691     
   2.92801403214205        3.13875377474828        3.42895977572224     
   3.80893089023972        4.28946835616575        4.88187579405448     
   5.59795920714927        6.45002698138266        7.45088988537635     
   8.61386107044124        9.95275607057738        11.4818928024740     
   3.98612502768598        3.94488727894445        3.87744490529813     
   3.78572814899966        3.67243934302599        3.54105291107839     
   3.39581536758245        3.24174531768811        3.08463345726960     
   2.93104257292551        2.78830754197872        2.66453533247646     
   2.56860500319027        2.51016770361602        2.49964667397390     
   2.54823724520844        2.66790683898846        2.87139496770715     
   3.17221323448199        3.58464533315479        4.12374704829170     
   4.80534625518318        5.64604291984402        6.66320909901333     
   7.87498894015454        9.30029868145543        10.9588266518281     
   12.8710332709089        15.0581510490586        17.5421845873622     
   3.98213975747570        3.92911733166097        3.84260330806021     
   3.72538198100995        3.58135135367162        3.41552313803161     
   3.23402275490122        3.04408933391670        2.85407571353923     
   2.67344844105492        2.51278777257482        2.38378767303490     
   2.29925581619608        2.27311358464421        2.32039606979006     
   2.45725207186936        2.70094409994274        3.06984837189579     
   3.58345481443903        4.26236706310789        5.12830246226278     
   6.20409206508899        7.51368063359678        9.08212663862134     
   10.9356022598228        13.1013933856861        15.6078996135214     
   18.4846342494635        21.7622243084723        25.4724105143326     
   3.97737757974937        3.91028613745100        3.80104765277142     
   3.65353207119705        3.47315730402521        3.26688922836403     
   3.04324168713253        2.81227648906054        2.58560340868878     
   2.37638018636879        2.19931252826299        2.07065410634463     
   2.00820655839782        2.03131948801752        2.16089046460954     
   2.41936502339054        2.83073666538805        3.42054685744042     
   4.21588503219688        5.24538858811749        6.53924288947319     
   8.12918126634573        10.0484850146277        12.3319833960227     
   15.0160536380449        18.1386209340197        21.7391584430828     
   25.8586872901814        30.5397765660731        35.8265433273264     
   3.97163349273705        3.88759266100588        3.75104670379239     
   3.56727759125504        3.34368006471356        3.08976163664885     
   2.81714259070309        2.53955598167963        2.27284763554309     
   2.03497614941928        1.84601289159525        1.72814200151927     
   1.70566038980084        1.80497773821066        2.05461649968068     
   2.48521189830406        3.12951192933519        4.02237735918967     
   5.20078172544435        6.70381133683727        8.57266527326772     
   10.8506553857962        13.5832062966445        16.8178553991954     
   20.6042528579932        24.9941616087434        30.0414573583124     
   35.8021285847282        42.3342765371798        49.6981152360174     
   3.96464660683502        3.86002524131522        3.69044377459170     
   3.46308195364828        3.18799140128730        2.87809561612960     
   2.54918997261458        2.21994172100013        1.91188998736265     
   1.64944577359710        1.45989195741692        1.37338329235409     
   1.42294640775911        1.64447980880100        2.07675387646729     
   2.76141086756403        3.74296491471582        5.06880202636573     
   6.78918008677540        8.95722885602495        11.6289499700130     
   14.8632169404569        18.7217751548921        23.2692418766730     
   28.5731062449722        34.7037292747811        41.7343438569094     
   49.7410547579853        58.8028386204558        69.0015439625861     
   3.95608703329717        3.82631596576523        3.61657963841017     
   3.33669940055795        3.00042510983684        2.62543513217743     
   2.23333634181262        1.84966412127762        1.50388236140996     
   1.22938346134948        1.06348832853836        1.04744637872107     
   1.22643553594439        1.64956223255744        2.36986140921164     
   3.44429651486073        4.93375950676076        6.90307085047009     
   9.42097951984942        12.5601629970617        16.3972272725724     
   21.0127068451489        26.4910647218614        32.9206924180819     
   40.3939099574852        49.0069658720481        58.8600372020499     
   70.0572294960719        82.7065768109981        96.9200417120147     
   3.94554721393301        3.78491789087320        3.52628590440200     
   3.18327430453584        2.77495531770436        2.32585034675034     
   1.86592997092974        1.43061394591169        1.06077120377849     
  0.802719853025597       0.708227178561659       0.834509641708480     
   1.24423288020103        2.00551170818746        3.19191011622908     
   4.88244127130037        7.16156751678899        10.1192003724957     
   13.8507005346347        18.4568778758328        24.0439914451307     
   30.7237494679816        38.6133093462524        47.8352776582228     
   58.5177101585857        70.7941117784476        84.8034366253276     
   100.690087983158        118.603918312285        138.700229249467     
   3.93254172472646        3.73402623641267        3.41601512673778     
   2.99777761244383        2.50629053530871        1.97623836214613     
   1.45001318480562       0.977714720172529       0.617150310168041     
  0.433834921749155       0.500991146908698       0.899549202675318     
   1.71814693111349        3.05312979932350        5.00855089944148     
   7.69617094863937        11.2354582891249        15.7535888881418     
   21.3854463379693        28.2736218559227        36.5684142843531     
   46.4278300906474        58.0175833672283        71.5110958315542     
   87.0894968261196        104.941623318455        125.264019901126     
   148.260938791734        174.144339832917        203.133890492349     
   3.91651716824601        3.67165721499324        3.28216539595018     
   2.77595032184224        2.19208395837810        1.58080162624980     
   1.00350200113268       0.532747113685400       0.252262349549923     
  0.256936449351544       0.652821508698869        1.55713297818382     
   3.09824966338164        5.41571372485088        8.66023067813340     
   12.9936693937544        18.5890620972224        25.6306043690292     
   34.3136551446500        44.8447367145431        57.4415347241504     
   72.3328981738970        89.7588394191912        109.970534170425     
   133.230321492973        159.811703807194        189.999346888429     
   224.089079867004        262.387895228226        305.213948812388     
   3.89687168641829        3.59579052784224        3.12164262283663     
   2.51590458120515        1.83664352394888        1.15851708326628     
  0.572773402553181       0.187251136402832       0.126379450605848     
  0.531178022150233        1.55925703922138        3.38481720120207     
   6.19864971867245        10.2081363134101        15.6372492183899     
   22.7265511777842        31.7331954469628        42.9309257924926     
   56.6100764921382        73.0775723348615        92.6569286208216     
   115.688251161375        142.528236279077        173.550170807677     
   209.143932092125        249.715987988567        295.689396864346     
   347.503807598004        405.615459579279        470.497182709106     
   3.87298228971869        3.50457466486472        2.93268240175902     
   2.22048062409055        1.45641430286508       0.754198256405191     
  0.252817150350264       0.116525497656492       0.534847658596872     
   1.72257784076121        3.91978009905612        7.39178833570502     
   12.4292063002481        19.3479075895425        28.4890356477619     
   40.2190037663971        54.9294950842555        73.0374625874613     
   94.9851291094556        121.239987330996        152.294799780158     
   188.667598832332        230.901686710228        279.565635483869     
   335.253287070597        398.583753235073        470.201415589271     
   550.775925592483        641.002204551319        741.600443619704     
   3.84423756834974        3.39658797628303        2.71592577284318     
   1.90037468321832        1.08730760867839       0.453346626575191     
  0.214362990342354       0.625477129495342        1.98105864963146     
   4.61472633242986        8.89934813565152        15.2470411931393     
   24.1091718148177        35.9763554866934        51.3784568708547     
   70.8845898054717        95.1031173047964        124.681651559163     
   160.307053934986        202.705434974765        252.642154397077     
   310.921821096585        378.388293144031        455.924677786241     
   544.453331446120        644.935859722658        758.373117390925     
   885.805208402073        1028.31148588334        1187.01055213803     
   3.81007321647948        3.27114308826990        2.47571285098779     
   1.57795374188229       0.793704999758231       0.400473864976062     
  0.737435579451901        2.20543338665751        5.26697853162031     
   10.4462502609234        18.3290958227054        29.5630304666608     
   44.8572374440395        64.9825680076474        90.7715414118455     
   123.118344912551        162.978833767237        211.370531234930     
   269.372628576216        338.125985053234        418.833127929678     
   512.758252470801        621.227221943408        745.627567615862     
   887.408488758079        1048.08085264154        1229.21719453926     
   1432.45171772583        1659.48029347740        1912.06046107166     
   3.77000796012181        3.12861798989447        2.22153042671514     
   1.29157787130491       0.678725187615207       0.820069502827792     
   2.24984020735475        5.59939895483852        11.5972396621518     
   21.0689885093978        34.9374039399098        54.2223766602517     
   80.0409296402174        113.607218112831        156.232529574349     
   209.325283784254        274.391032765263        353.032460803321     
   446.949384447604        557.938752510519        687.894646067703     
   838.808278458022        1012.76799528357        1211.95927440969     
   1438.66472596492        1695.26409234106        1984.23424819312     
   2308.14920043936        2669.68008826126        3071.59518310351     
   3.72367779390161        2.97079450305635        1.96952923042444     
   1.10017845289635       0.895156021179750        2.03899315979952     
   5.36833846709774        11.8719579152337        22.6907348501838     
   39.1176699917418        62.5978814335185        94.7286046429421     
   137.259192461258        192.091115103528        261.277960158632     
   347.025432589268        451.691354731948        577.785666297005     
   727.970424368587        905.059803404659        1112.02009523700     
   1351.96970907122        1628.17917148673        1944.07112643677     
   2303.22033524838        2709.35367662244        3166.35014663363     
   3678.24085873045        4249.20904373524        4883.59004984411     
   3.67086682053085        2.80118416416894        1.74401662559981     
   1.08780205788184        1.65635157231074        4.50884953841947     
   10.9398535839783        22.4792945949949        40.8924767157139     
   68.1800773486177        106.578147154426        158.558110052095     
   226.826763218818        314.326277090028        424.234195359393     
   559.963434978819        725.162286158448        923.714412366662     
   1159.73885033008        1437.59001003355        1761.85767472017     
   2137.36700089128        2569.17851830643        3062.58812998343     
   3623.12711219832        4256.56211448538        4968.89515963713     
   5766.36364370432        6655.44033599594        7642.83337907922     
   3.61153340338416        2.62532277918349        1.57883164520060     
   1.36782775398567        3.24638309267504        8.82687388299126     
   20.0799805812431        39.3346878783254        69.2782846997193     
   112.956364205492        173.772823790297        255.489865083375     
   362.227993948550        498.466020484235        669.041059023428     
   879.148528133715        1134.34215061726        1440.53395351083     
   1803.99426808577        2231.35172984799        2729.59327853802     
   3306.06415813096        3968.46791683650        4724.86640709891     
   5583.67978559705        6553.68651324437        7644.02335518890     
   8864.18538081326        10224.0259637346        11733.7567818049     
   3.54583075815206        2.45101774132032        1.51852001829563     
   2.08659556672829        6.02880127293743        15.7539929319111     
   34.2063252473060        64.8652518314479        111.745525205331     
   179.397196798620        272.905616949645        397.891434905409     
   560.510598821581        767.454355762499        1025.94925170117     
   1343.75713151928        1729.17513900716        2191.03571686383     
   2738.70660669697        3382.09084902294        4131.62678326675     
   4998.28804776211        5993.58357975135        7129.55761538552     
   8418.78968972430        9874.39463673606        11510.0225892978     
   13339.8589791953        15378.6245371229        17641.5752926836     
   3.47412150262638        2.28853611108745        1.61924439909230     
   3.42623686999605        10.4534939565764        26.2289860210338     
   55.0646733549911        102.056506179494        173.084424645010     
   274.812358831431        414.688228748071        600.943944333664     
   842.595405456369        1149.44250191377        1532.06911343286     
   2001.84310967009        2570.91635021128        3252.22468457172     
   4059.48795219610        5007.20998245853        6110.67859466256     
   7385.96559804115        8849.92679175669        10520.2019649010     
   12415.2148964952        14554.1733554901        16957.0691007657     
   19644.6778811315        22638.5594353265        25961.0574920189     
   3.39698603704137        2.15072588097955        1.94938624676062     
   5.60656332066833        17.0612827600641        41.3779996933873     
   84.7465987201547        154.482393910961        259.026128807479     
   407.943976422458        611.927539239727        882.793849214191     
   1233.48536777183        1678.06998580971        2231.74102369597     
   2910.81723126983        3732.74278784157        4716.08730219258     
   5880.54581257529        7246.93878671324        8837.21212180104     
   10674.4371445044        12782.8106109600        15187.6547067757     
   17915.4170470305        20993.6706762743        24451.1140685282     
   28317.5711272844        32623.9911855060        37402.4490056275     
   3.31522492822906        2.05306726437289        2.58981779453909     
   8.88594004043767        26.4860702590808        62.5190174427827     
   125.697763319160        226.319462351131        376.265441736916     
   589.001201410039        879.576414039323        1264.62492502890     
   1762.36475251819        2392.59808738193        3176.71129323016     
   4137.67490640820        5300.04363599670        6689.95636381160     
   8335.13614440413        10264.8902050608        12510.1099458036     
   15103.2709393895        18078.4329313111        21471.2398397960     
   25318.9197558073        29660.2849430435        34535.7318379381     
   39987.2410496601        46058.3773601138        52794.2897239387     
   3.22985571137158        2.01365485795795        3.63384299758149     
   13.5611335502823        39.4545077979734        91.1612148844412     
   180.716771815345        322.344963458218        532.457842542464     
   829.655729659364        1234.72721326207        1770.64914966560     
   2462.58666304687        3337.89314544463        4426.11025675953     
   5758.96792475410        7370.38434505272        9296.46598114165     
   11575.5075643690        14247.9920939449        17356.5908369411     
   20946.1633282914        25063.7573707914        29758.6090350987     
   35082.1426597325        41087.9708510742        47831.8944833670     
   55371.9026987156        63768.1729070872        73083.0707863102     
