   106.534132805706        106.098526943490        105.693177603444     
   105.318084785568        104.973248489863        104.658668716327     
   104.374345464962        104.120278735767        103.896468528742     
   103.702914843886     
   106.214934375532        105.508455968172        104.880556534447     
   104.331236074357        103.860494587901        103.468332075081     
   103.154748535895        102.919743970344        102.763318378428     
   102.685471760147     
   105.798389735968        104.773693093511        103.925897172142     
   103.255001971861        102.761007492668        102.443913734564     
   102.303720697548        102.340428381621        102.554036786781     
   102.944545913030     
   105.291609564448        103.941673202571        102.950172038460     
   102.317106072115        102.042475303537        102.126279732724     
   102.568519359678        103.369194184397        104.528304206883     
   106.045849427135     
   104.710881586952        103.090151809679        102.137784435413     
   101.853779464155        102.238136895904        103.290856730660     
   105.011938968425        107.401383609196        110.459190652976     
   114.185360099762     
   104.081012601370        102.326155631258        101.735394079604     
   102.308727946408        104.046157231671        106.947681935392     
   111.013302057572        116.243017598210        122.636828557306     
   130.194734934861     
   103.434447520102        101.783790662986        102.047984199234     
   104.227028128845        108.320922451818        114.329667168155     
   122.253262277854        132.091707780916        143.845003677341     
   157.513149967129     
   102.810451668268        101.621908528733        103.434313681590     
   108.247667126837        116.061968864477        126.877218894507     
   140.693417216928        157.510563831741        177.328658738946     
   200.147701938541     
   102.254494757303        102.022215964819        106.303093602187     
   115.097127669409        128.404318166484        146.224665093412     
   168.558168450193        195.404828236827        226.764644453314     
   262.637617099654     
   101.817847288625        103.187969359188        111.110281629731     
   125.584784100252        146.611476770752        174.190359641230     
   208.321432711687        249.004695982123        296.240149452538     
   350.027793122932     
